,lat_lowercolorado,lon_lowercolorado
0,31.40625,-111.34375
1,31.40625,-111.28125
2,31.40625,-111.21875
3,31.40625,-111.15625
4,31.40625,-111.09375
5,31.40625,-111.03125
6,31.40625,-110.96875
7,31.40625,-110.90625
8,31.40625,-110.84375
9,31.40625,-110.78125
10,31.40625,-110.71875
11,31.40625,-110.65625
12,31.40625,-110.59375
13,31.40625,-110.53125
14,31.40625,-110.46875
15,31.40625,-110.40625
16,31.40625,-110.34375
17,31.40625,-110.28125
18,31.40625,-110.21875
19,31.40625,-110.15625
20,31.40625,-110.09375
21,31.40625,-110.03125
22,31.40625,-109.96875
23,31.40625,-109.90625
24,31.40625,-109.84375
25,31.40625,-109.78125
26,31.40625,-109.71875
27,31.40625,-109.65625
28,31.40625,-109.59375
29,31.40625,-109.53125
30,31.40625,-109.46875
31,31.40625,-109.40625
32,31.40625,-109.34375
33,31.40625,-109.28125
34,31.40625,-109.21875
35,31.40625,-109.15625
36,31.40625,-109.09375
37,31.40625,-109.03125
38,31.40625,-108.96875
39,31.40625,-108.90625
40,31.40625,-108.84375
41,31.40625,-108.78125
42,31.46875,-111.34375
43,31.46875,-111.28125
44,31.46875,-111.21875
45,31.46875,-111.15625
46,31.46875,-111.09375
47,31.46875,-111.03125
48,31.46875,-110.96875
49,31.46875,-110.90625
50,31.46875,-110.84375
51,31.46875,-110.78125
52,31.46875,-110.71875
53,31.46875,-110.65625
54,31.46875,-110.59375
55,31.46875,-110.53125
56,31.46875,-110.46875
57,31.46875,-110.40625
58,31.46875,-110.34375
59,31.46875,-110.28125
60,31.46875,-110.21875
61,31.46875,-110.15625
62,31.46875,-110.09375
63,31.46875,-110.03125
64,31.46875,-109.96875
65,31.46875,-109.90625
66,31.46875,-109.84375
67,31.46875,-109.78125
68,31.46875,-109.71875
69,31.46875,-109.65625
70,31.46875,-109.59375
71,31.46875,-109.53125
72,31.46875,-109.46875
73,31.46875,-109.40625
74,31.46875,-109.34375
75,31.46875,-109.28125
76,31.46875,-109.21875
77,31.46875,-109.15625
78,31.46875,-109.09375
79,31.46875,-109.03125
80,31.46875,-108.96875
81,31.46875,-108.90625
82,31.46875,-108.84375
83,31.46875,-108.78125
84,31.53125,-111.71875
85,31.53125,-111.65625
86,31.53125,-111.59375
87,31.53125,-111.53125
88,31.53125,-111.46875
89,31.53125,-111.40625
90,31.53125,-111.34375
91,31.53125,-111.28125
92,31.53125,-111.21875
93,31.53125,-111.15625
94,31.53125,-111.09375
95,31.53125,-111.03125
96,31.53125,-110.96875
97,31.53125,-110.90625
98,31.53125,-110.84375
99,31.53125,-110.78125
100,31.53125,-110.71875
101,31.53125,-110.65625
102,31.53125,-110.59375
103,31.53125,-110.53125
104,31.53125,-110.46875
105,31.53125,-110.40625
106,31.53125,-110.34375
107,31.53125,-110.28125
108,31.53125,-110.21875
109,31.53125,-110.15625
110,31.53125,-110.09375
111,31.53125,-110.03125
112,31.53125,-109.96875
113,31.53125,-109.90625
114,31.53125,-109.84375
115,31.53125,-109.78125
116,31.53125,-109.71875
117,31.53125,-109.65625
118,31.53125,-109.59375
119,31.53125,-109.53125
120,31.53125,-109.46875
121,31.53125,-109.40625
122,31.53125,-109.34375
123,31.53125,-109.28125
124,31.53125,-109.21875
125,31.53125,-109.15625
126,31.53125,-109.09375
127,31.53125,-109.03125
128,31.53125,-108.96875
129,31.53125,-108.90625
130,31.53125,-108.84375
131,31.53125,-108.78125
132,31.59375,-111.71875
133,31.59375,-111.65625
134,31.59375,-111.59375
135,31.59375,-111.53125
136,31.59375,-111.46875
137,31.59375,-111.40625
138,31.59375,-111.34375
139,31.59375,-111.28125
140,31.59375,-111.21875
141,31.59375,-111.15625
142,31.59375,-111.09375
143,31.59375,-111.03125
144,31.59375,-110.96875
145,31.59375,-110.90625
146,31.59375,-110.84375
147,31.59375,-110.78125
148,31.59375,-110.71875
149,31.59375,-110.65625
150,31.59375,-110.59375
151,31.59375,-110.53125
152,31.59375,-110.46875
153,31.59375,-110.40625
154,31.59375,-110.34375
155,31.59375,-110.28125
156,31.59375,-110.21875
157,31.59375,-110.15625
158,31.59375,-110.09375
159,31.59375,-110.03125
160,31.59375,-109.96875
161,31.59375,-109.90625
162,31.59375,-109.84375
163,31.59375,-109.78125
164,31.59375,-109.71875
165,31.59375,-109.65625
166,31.59375,-109.59375
167,31.59375,-109.53125
168,31.59375,-109.46875
169,31.59375,-109.40625
170,31.59375,-109.34375
171,31.59375,-109.28125
172,31.59375,-109.21875
173,31.59375,-109.15625
174,31.59375,-109.09375
175,31.59375,-109.03125
176,31.59375,-108.96875
177,31.59375,-108.90625
178,31.59375,-108.84375
179,31.59375,-108.78125
180,31.59375,-108.71875
181,31.65625,-112.09375
182,31.65625,-112.03125
183,31.65625,-111.96875
184,31.65625,-111.90625
185,31.65625,-111.84375
186,31.65625,-111.78125
187,31.65625,-111.71875
188,31.65625,-111.65625
189,31.65625,-111.59375
190,31.65625,-111.53125
191,31.65625,-111.46875
192,31.65625,-111.40625
193,31.65625,-111.34375
194,31.65625,-111.28125
195,31.65625,-111.21875
196,31.65625,-111.15625
197,31.65625,-111.09375
198,31.65625,-111.03125
199,31.65625,-110.96875
200,31.65625,-110.90625
201,31.65625,-110.84375
202,31.65625,-110.78125
203,31.65625,-110.71875
204,31.65625,-110.65625
205,31.65625,-110.59375
206,31.65625,-110.53125
207,31.65625,-110.46875
208,31.65625,-110.40625
209,31.65625,-110.34375
210,31.65625,-110.28125
211,31.65625,-110.21875
212,31.65625,-110.15625
213,31.65625,-110.09375
214,31.65625,-110.03125
215,31.65625,-109.96875
216,31.65625,-109.90625
217,31.65625,-109.84375
218,31.65625,-109.78125
219,31.65625,-109.71875
220,31.65625,-109.65625
221,31.65625,-109.59375
222,31.65625,-109.53125
223,31.65625,-109.46875
224,31.65625,-109.40625
225,31.65625,-109.34375
226,31.65625,-109.28125
227,31.65625,-109.21875
228,31.65625,-109.15625
229,31.65625,-109.09375
230,31.65625,-109.03125
231,31.65625,-108.96875
232,31.65625,-108.90625
233,31.65625,-108.84375
234,31.65625,-108.78125
235,31.65625,-108.71875
236,31.71875,-112.09375
237,31.71875,-112.03125
238,31.71875,-111.96875
239,31.71875,-111.90625
240,31.71875,-111.84375
241,31.71875,-111.78125
242,31.71875,-111.71875
243,31.71875,-111.65625
244,31.71875,-111.59375
245,31.71875,-111.53125
246,31.71875,-111.46875
247,31.71875,-111.40625
248,31.71875,-111.34375
249,31.71875,-111.28125
250,31.71875,-111.21875
251,31.71875,-111.15625
252,31.71875,-111.09375
253,31.71875,-111.03125
254,31.71875,-110.96875
255,31.71875,-110.90625
256,31.71875,-110.84375
257,31.71875,-110.78125
258,31.71875,-110.71875
259,31.71875,-110.65625
260,31.71875,-110.59375
261,31.71875,-110.53125
262,31.71875,-110.46875
263,31.71875,-110.40625
264,31.71875,-110.34375
265,31.71875,-110.28125
266,31.71875,-110.21875
267,31.71875,-110.15625
268,31.71875,-110.09375
269,31.71875,-110.03125
270,31.71875,-109.96875
271,31.71875,-109.90625
272,31.71875,-109.84375
273,31.71875,-109.78125
274,31.71875,-109.71875
275,31.71875,-109.65625
276,31.71875,-109.59375
277,31.71875,-109.53125
278,31.71875,-109.46875
279,31.71875,-109.40625
280,31.71875,-109.34375
281,31.71875,-109.28125
282,31.71875,-109.21875
283,31.71875,-109.15625
284,31.71875,-109.09375
285,31.71875,-109.03125
286,31.71875,-108.96875
287,31.71875,-108.90625
288,31.71875,-108.84375
289,31.71875,-108.78125
290,31.71875,-108.71875
291,31.78125,-112.59375
292,31.78125,-112.53125
293,31.78125,-112.46875
294,31.78125,-112.40625
295,31.78125,-112.34375
296,31.78125,-112.28125
297,31.78125,-112.21875
298,31.78125,-112.15625
299,31.78125,-112.09375
300,31.78125,-112.03125
301,31.78125,-111.96875
302,31.78125,-111.90625
303,31.78125,-111.84375
304,31.78125,-111.78125
305,31.78125,-111.71875
306,31.78125,-111.65625
307,31.78125,-111.59375
308,31.78125,-111.53125
309,31.78125,-111.46875
310,31.78125,-111.40625
311,31.78125,-111.34375
312,31.78125,-111.28125
313,31.78125,-111.21875
314,31.78125,-111.15625
315,31.78125,-111.09375
316,31.78125,-111.03125
317,31.78125,-110.96875
318,31.78125,-110.90625
319,31.78125,-110.84375
320,31.78125,-110.78125
321,31.78125,-110.71875
322,31.78125,-110.65625
323,31.78125,-110.59375
324,31.78125,-110.53125
325,31.78125,-110.46875
326,31.78125,-110.40625
327,31.78125,-110.34375
328,31.78125,-110.28125
329,31.78125,-110.21875
330,31.78125,-110.15625
331,31.78125,-110.09375
332,31.78125,-110.03125
333,31.78125,-109.96875
334,31.78125,-109.90625
335,31.78125,-109.84375
336,31.78125,-109.78125
337,31.78125,-109.71875
338,31.78125,-109.65625
339,31.78125,-109.59375
340,31.78125,-109.53125
341,31.78125,-109.46875
342,31.78125,-109.40625
343,31.78125,-109.34375
344,31.78125,-109.28125
345,31.78125,-109.21875
346,31.78125,-109.15625
347,31.78125,-109.09375
348,31.78125,-109.03125
349,31.78125,-108.96875
350,31.78125,-108.90625
351,31.78125,-108.84375
352,31.78125,-108.78125
353,31.78125,-108.71875
354,31.84375,-112.59375
355,31.84375,-112.53125
356,31.84375,-112.46875
357,31.84375,-112.40625
358,31.84375,-112.34375
359,31.84375,-112.28125
360,31.84375,-112.21875
361,31.84375,-112.15625
362,31.84375,-112.09375
363,31.84375,-112.03125
364,31.84375,-111.96875
365,31.84375,-111.90625
366,31.84375,-111.84375
367,31.84375,-111.78125
368,31.84375,-111.71875
369,31.84375,-111.65625
370,31.84375,-111.59375
371,31.84375,-111.53125
372,31.84375,-111.46875
373,31.84375,-111.40625
374,31.84375,-111.34375
375,31.84375,-111.28125
376,31.84375,-111.21875
377,31.84375,-111.15625
378,31.84375,-111.09375
379,31.84375,-111.03125
380,31.84375,-110.96875
381,31.84375,-110.90625
382,31.84375,-110.84375
383,31.84375,-110.78125
384,31.84375,-110.71875
385,31.84375,-110.65625
386,31.84375,-110.59375
387,31.84375,-110.53125
388,31.84375,-110.46875
389,31.84375,-110.40625
390,31.84375,-110.34375
391,31.84375,-110.28125
392,31.84375,-110.21875
393,31.84375,-110.15625
394,31.84375,-110.09375
395,31.84375,-110.03125
396,31.84375,-109.96875
397,31.84375,-109.90625
398,31.84375,-109.84375
399,31.84375,-109.78125
400,31.84375,-109.71875
401,31.84375,-109.65625
402,31.84375,-109.59375
403,31.84375,-109.53125
404,31.84375,-109.46875
405,31.84375,-109.40625
406,31.84375,-109.34375
407,31.84375,-109.21875
408,31.84375,-109.15625
409,31.84375,-109.09375
410,31.84375,-109.03125
411,31.84375,-108.96875
412,31.84375,-108.90625
413,31.84375,-108.84375
414,31.84375,-108.78125
415,31.84375,-108.71875
416,31.90625,-112.96875
417,31.90625,-112.90625
418,31.90625,-112.84375
419,31.90625,-112.78125
420,31.90625,-112.71875
421,31.90625,-112.65625
422,31.90625,-112.59375
423,31.90625,-112.53125
424,31.90625,-112.46875
425,31.90625,-112.40625
426,31.90625,-112.34375
427,31.90625,-112.28125
428,31.90625,-112.21875
429,31.90625,-112.15625
430,31.90625,-112.09375
431,31.90625,-112.03125
432,31.90625,-111.96875
433,31.90625,-111.90625
434,31.90625,-111.84375
435,31.90625,-111.78125
436,31.90625,-111.71875
437,31.90625,-111.65625
438,31.90625,-111.59375
439,31.90625,-111.53125
440,31.90625,-111.46875
441,31.90625,-111.40625
442,31.90625,-111.34375
443,31.90625,-111.28125
444,31.90625,-111.21875
445,31.90625,-111.15625
446,31.90625,-111.09375
447,31.90625,-111.03125
448,31.90625,-110.96875
449,31.90625,-110.90625
450,31.90625,-110.84375
451,31.90625,-110.78125
452,31.90625,-110.71875
453,31.90625,-110.65625
454,31.90625,-110.59375
455,31.90625,-110.53125
456,31.90625,-110.46875
457,31.90625,-110.40625
458,31.90625,-110.34375
459,31.90625,-110.28125
460,31.90625,-110.21875
461,31.90625,-110.15625
462,31.90625,-110.09375
463,31.90625,-110.03125
464,31.90625,-109.96875
465,31.90625,-109.90625
466,31.90625,-109.84375
467,31.90625,-109.78125
468,31.90625,-109.71875
469,31.90625,-109.65625
470,31.90625,-109.59375
471,31.90625,-109.53125
472,31.90625,-109.46875
473,31.90625,-109.40625
474,31.90625,-109.34375
475,31.90625,-109.21875
476,31.90625,-109.15625
477,31.90625,-109.09375
478,31.90625,-109.03125
479,31.90625,-108.96875
480,31.90625,-108.90625
481,31.90625,-108.84375
482,31.90625,-108.78125
483,31.90625,-108.71875
484,31.96875,-112.96875
485,31.96875,-112.90625
486,31.96875,-112.84375
487,31.96875,-112.78125
488,31.96875,-112.71875
489,31.96875,-112.65625
490,31.96875,-112.59375
491,31.96875,-112.53125
492,31.96875,-112.46875
493,31.96875,-112.40625
494,31.96875,-112.34375
495,31.96875,-112.28125
496,31.96875,-112.21875
497,31.96875,-112.15625
498,31.96875,-112.09375
499,31.96875,-112.03125
500,31.96875,-111.96875
501,31.96875,-111.90625
502,31.96875,-111.84375
503,31.96875,-111.78125
504,31.96875,-111.71875
505,31.96875,-111.65625
506,31.96875,-111.59375
507,31.96875,-111.53125
508,31.96875,-111.46875
509,31.96875,-111.40625
510,31.96875,-111.34375
511,31.96875,-111.28125
512,31.96875,-111.21875
513,31.96875,-111.15625
514,31.96875,-111.09375
515,31.96875,-111.03125
516,31.96875,-110.96875
517,31.96875,-110.90625
518,31.96875,-110.84375
519,31.96875,-110.78125
520,31.96875,-110.71875
521,31.96875,-110.65625
522,31.96875,-110.59375
523,31.96875,-110.53125
524,31.96875,-110.46875
525,31.96875,-110.40625
526,31.96875,-110.34375
527,31.96875,-110.28125
528,31.96875,-110.21875
529,31.96875,-110.15625
530,31.96875,-110.09375
531,31.96875,-110.03125
532,31.96875,-109.96875
533,31.96875,-109.90625
534,31.96875,-109.84375
535,31.96875,-109.78125
536,31.96875,-109.71875
537,31.96875,-109.65625
538,31.96875,-109.59375
539,31.96875,-109.53125
540,31.96875,-109.46875
541,31.96875,-109.40625
542,31.96875,-109.34375
543,31.96875,-109.28125
544,31.96875,-109.21875
545,31.96875,-109.15625
546,31.96875,-109.09375
547,31.96875,-109.03125
548,31.96875,-108.96875
549,31.96875,-108.90625
550,31.96875,-108.84375
551,31.96875,-108.78125
552,31.96875,-108.71875
553,32.03125,-113.34375
554,32.03125,-113.28125
555,32.03125,-113.21875
556,32.03125,-113.15625
557,32.03125,-113.09375
558,32.03125,-113.03125
559,32.03125,-112.96875
560,32.03125,-112.90625
561,32.03125,-112.84375
562,32.03125,-112.78125
563,32.03125,-112.71875
564,32.03125,-112.65625
565,32.03125,-112.59375
566,32.03125,-112.53125
567,32.03125,-112.46875
568,32.03125,-112.40625
569,32.03125,-112.34375
570,32.03125,-112.28125
571,32.03125,-112.21875
572,32.03125,-112.15625
573,32.03125,-112.09375
574,32.03125,-112.03125
575,32.03125,-111.96875
576,32.03125,-111.90625
577,32.03125,-111.84375
578,32.03125,-111.78125
579,32.03125,-111.71875
580,32.03125,-111.65625
581,32.03125,-111.59375
582,32.03125,-111.53125
583,32.03125,-111.46875
584,32.03125,-111.40625
585,32.03125,-111.34375
586,32.03125,-111.28125
587,32.03125,-111.21875
588,32.03125,-111.15625
589,32.03125,-111.09375
590,32.03125,-111.03125
591,32.03125,-110.96875
592,32.03125,-110.90625
593,32.03125,-110.84375
594,32.03125,-110.78125
595,32.03125,-110.71875
596,32.03125,-110.65625
597,32.03125,-110.59375
598,32.03125,-110.53125
599,32.03125,-110.46875
600,32.03125,-110.40625
601,32.03125,-110.34375
602,32.03125,-110.28125
603,32.03125,-110.21875
604,32.03125,-110.15625
605,32.03125,-110.09375
606,32.03125,-110.03125
607,32.03125,-109.96875
608,32.03125,-109.90625
609,32.03125,-109.84375
610,32.03125,-109.78125
611,32.03125,-109.71875
612,32.03125,-109.65625
613,32.03125,-109.59375
614,32.03125,-109.53125
615,32.03125,-109.46875
616,32.03125,-109.40625
617,32.03125,-109.34375
618,32.03125,-109.28125
619,32.03125,-109.21875
620,32.03125,-109.15625
621,32.03125,-109.09375
622,32.03125,-109.03125
623,32.03125,-108.96875
624,32.03125,-108.90625
625,32.03125,-108.84375
626,32.03125,-108.78125
627,32.03125,-108.71875
628,32.03125,-108.46875
629,32.03125,-108.40625
630,32.03125,-108.34375
631,32.03125,-108.28125
632,32.03125,-108.21875
633,32.09375,-113.34375
634,32.09375,-113.28125
635,32.09375,-113.21875
636,32.09375,-113.15625
637,32.09375,-113.09375
638,32.09375,-113.03125
639,32.09375,-112.96875
640,32.09375,-112.90625
641,32.09375,-112.84375
642,32.09375,-112.78125
643,32.09375,-112.71875
644,32.09375,-112.65625
645,32.09375,-112.59375
646,32.09375,-112.53125
647,32.09375,-112.46875
648,32.09375,-112.40625
649,32.09375,-112.34375
650,32.09375,-112.28125
651,32.09375,-112.21875
652,32.09375,-112.15625
653,32.09375,-112.09375
654,32.09375,-112.03125
655,32.09375,-111.96875
656,32.09375,-111.90625
657,32.09375,-111.84375
658,32.09375,-111.78125
659,32.09375,-111.71875
660,32.09375,-111.65625
661,32.09375,-111.59375
662,32.09375,-111.53125
663,32.09375,-111.46875
664,32.09375,-111.40625
665,32.09375,-111.34375
666,32.09375,-111.28125
667,32.09375,-111.21875
668,32.09375,-111.15625
669,32.09375,-111.09375
670,32.09375,-111.03125
671,32.09375,-110.96875
672,32.09375,-110.90625
673,32.09375,-110.84375
674,32.09375,-110.78125
675,32.09375,-110.71875
676,32.09375,-110.65625
677,32.09375,-110.59375
678,32.09375,-110.53125
679,32.09375,-110.46875
680,32.09375,-110.40625
681,32.09375,-110.34375
682,32.09375,-110.28125
683,32.09375,-110.21875
684,32.09375,-110.15625
685,32.09375,-110.09375
686,32.09375,-110.03125
687,32.09375,-109.96875
688,32.09375,-109.90625
689,32.09375,-109.84375
690,32.09375,-109.78125
691,32.09375,-109.71875
692,32.09375,-109.65625
693,32.09375,-109.59375
694,32.09375,-109.53125
695,32.09375,-109.46875
696,32.09375,-109.40625
697,32.09375,-109.34375
698,32.09375,-109.28125
699,32.09375,-109.21875
700,32.09375,-109.15625
701,32.09375,-109.09375
702,32.09375,-109.03125
703,32.09375,-108.96875
704,32.09375,-108.90625
705,32.09375,-108.84375
706,32.09375,-108.78125
707,32.09375,-108.71875
708,32.09375,-108.65625
709,32.09375,-108.59375
710,32.09375,-108.53125
711,32.09375,-108.46875
712,32.09375,-108.40625
713,32.09375,-108.34375
714,32.09375,-108.28125
715,32.09375,-108.21875
716,32.15625,-113.84375
717,32.15625,-113.78125
718,32.15625,-113.71875
719,32.15625,-113.65625
720,32.15625,-113.59375
721,32.15625,-113.53125
722,32.15625,-113.46875
723,32.15625,-113.40625
724,32.15625,-113.34375
725,32.15625,-113.28125
726,32.15625,-113.21875
727,32.15625,-113.15625
728,32.15625,-113.09375
729,32.15625,-113.03125
730,32.15625,-112.96875
731,32.15625,-112.90625
732,32.15625,-112.84375
733,32.15625,-112.78125
734,32.15625,-112.71875
735,32.15625,-112.65625
736,32.15625,-112.59375
737,32.15625,-112.53125
738,32.15625,-112.46875
739,32.15625,-112.40625
740,32.15625,-112.34375
741,32.15625,-112.28125
742,32.15625,-112.21875
743,32.15625,-112.15625
744,32.15625,-112.09375
745,32.15625,-112.03125
746,32.15625,-111.96875
747,32.15625,-111.90625
748,32.15625,-111.84375
749,32.15625,-111.78125
750,32.15625,-111.71875
751,32.15625,-111.65625
752,32.15625,-111.59375
753,32.15625,-111.53125
754,32.15625,-111.46875
755,32.15625,-111.40625
756,32.15625,-111.34375
757,32.15625,-111.28125
758,32.15625,-111.21875
759,32.15625,-111.15625
760,32.15625,-111.09375
761,32.15625,-111.03125
762,32.15625,-110.96875
763,32.15625,-110.90625
764,32.15625,-110.84375
765,32.15625,-110.78125
766,32.15625,-110.71875
767,32.15625,-110.65625
768,32.15625,-110.59375
769,32.15625,-110.53125
770,32.15625,-110.46875
771,32.15625,-110.40625
772,32.15625,-110.34375
773,32.15625,-110.28125
774,32.15625,-110.21875
775,32.15625,-110.15625
776,32.15625,-110.09375
777,32.15625,-110.03125
778,32.15625,-109.96875
779,32.15625,-109.90625
780,32.15625,-109.84375
781,32.15625,-109.78125
782,32.15625,-109.71875
783,32.15625,-109.65625
784,32.15625,-109.59375
785,32.15625,-109.53125
786,32.15625,-109.46875
787,32.15625,-109.40625
788,32.15625,-109.34375
789,32.15625,-109.28125
790,32.15625,-109.21875
791,32.15625,-109.15625
792,32.15625,-109.09375
793,32.15625,-109.03125
794,32.15625,-108.96875
795,32.15625,-108.90625
796,32.15625,-108.84375
797,32.15625,-108.78125
798,32.15625,-108.71875
799,32.15625,-108.65625
800,32.15625,-108.59375
801,32.15625,-108.53125
802,32.15625,-108.46875
803,32.15625,-108.40625
804,32.15625,-108.34375
805,32.15625,-108.28125
806,32.15625,-108.21875
807,32.21875,-113.84375
808,32.21875,-113.78125
809,32.21875,-113.71875
810,32.21875,-113.65625
811,32.21875,-113.59375
812,32.21875,-113.53125
813,32.21875,-113.46875
814,32.21875,-113.40625
815,32.21875,-113.34375
816,32.21875,-113.28125
817,32.21875,-113.21875
818,32.21875,-113.15625
819,32.21875,-113.09375
820,32.21875,-113.03125
821,32.21875,-112.96875
822,32.21875,-112.90625
823,32.21875,-112.84375
824,32.21875,-112.78125
825,32.21875,-112.71875
826,32.21875,-112.65625
827,32.21875,-112.59375
828,32.21875,-112.53125
829,32.21875,-112.46875
830,32.21875,-112.40625
831,32.21875,-112.34375
832,32.21875,-112.28125
833,32.21875,-112.21875
834,32.21875,-112.15625
835,32.21875,-112.09375
836,32.21875,-112.03125
837,32.21875,-111.96875
838,32.21875,-111.90625
839,32.21875,-111.84375
840,32.21875,-111.78125
841,32.21875,-111.71875
842,32.21875,-111.65625
843,32.21875,-111.59375
844,32.21875,-111.53125
845,32.21875,-111.46875
846,32.21875,-111.40625
847,32.21875,-111.34375
848,32.21875,-111.28125
849,32.21875,-111.21875
850,32.21875,-111.15625
851,32.21875,-111.09375
852,32.21875,-111.03125
853,32.21875,-110.96875
854,32.21875,-110.90625
855,32.21875,-110.84375
856,32.21875,-110.78125
857,32.21875,-110.71875
858,32.21875,-110.65625
859,32.21875,-110.59375
860,32.21875,-110.53125
861,32.21875,-110.46875
862,32.21875,-110.40625
863,32.21875,-110.34375
864,32.21875,-110.28125
865,32.21875,-110.21875
866,32.21875,-110.15625
867,32.21875,-110.09375
868,32.21875,-110.03125
869,32.21875,-109.96875
870,32.21875,-109.90625
871,32.21875,-109.84375
872,32.21875,-109.78125
873,32.21875,-109.71875
874,32.21875,-109.65625
875,32.21875,-109.59375
876,32.21875,-109.53125
877,32.21875,-109.46875
878,32.21875,-109.40625
879,32.21875,-109.34375
880,32.21875,-109.28125
881,32.21875,-109.21875
882,32.21875,-109.15625
883,32.21875,-109.09375
884,32.21875,-109.03125
885,32.21875,-108.96875
886,32.21875,-108.90625
887,32.21875,-108.84375
888,32.21875,-108.78125
889,32.21875,-108.71875
890,32.21875,-108.65625
891,32.21875,-108.59375
892,32.21875,-108.53125
893,32.21875,-108.46875
894,32.21875,-108.40625
895,32.21875,-108.34375
896,32.21875,-108.28125
897,32.21875,-108.21875
898,32.28125,-114.21875
899,32.28125,-114.15625
900,32.28125,-114.09375
901,32.28125,-114.03125
902,32.28125,-113.96875
903,32.28125,-113.90625
904,32.28125,-113.84375
905,32.28125,-113.78125
906,32.28125,-113.71875
907,32.28125,-113.65625
908,32.28125,-113.59375
909,32.28125,-113.53125
910,32.28125,-113.46875
911,32.28125,-113.40625
912,32.28125,-113.34375
913,32.28125,-113.28125
914,32.28125,-113.21875
915,32.28125,-113.15625
916,32.28125,-113.09375
917,32.28125,-113.03125
918,32.28125,-112.96875
919,32.28125,-112.90625
920,32.28125,-112.84375
921,32.28125,-112.78125
922,32.28125,-112.71875
923,32.28125,-112.65625
924,32.28125,-112.59375
925,32.28125,-112.53125
926,32.28125,-112.46875
927,32.28125,-112.40625
928,32.28125,-112.34375
929,32.28125,-112.28125
930,32.28125,-112.21875
931,32.28125,-112.15625
932,32.28125,-112.09375
933,32.28125,-112.03125
934,32.28125,-111.96875
935,32.28125,-111.90625
936,32.28125,-111.84375
937,32.28125,-111.78125
938,32.28125,-111.71875
939,32.28125,-111.65625
940,32.28125,-111.59375
941,32.28125,-111.53125
942,32.28125,-111.46875
943,32.28125,-111.40625
944,32.28125,-111.34375
945,32.28125,-111.28125
946,32.28125,-111.21875
947,32.28125,-111.15625
948,32.28125,-111.09375
949,32.28125,-111.03125
950,32.28125,-110.96875
951,32.28125,-110.90625
952,32.28125,-110.84375
953,32.28125,-110.78125
954,32.28125,-110.71875
955,32.28125,-110.65625
956,32.28125,-110.59375
957,32.28125,-110.53125
958,32.28125,-110.46875
959,32.28125,-110.40625
960,32.28125,-110.34375
961,32.28125,-110.28125
962,32.28125,-110.21875
963,32.28125,-110.15625
964,32.28125,-110.09375
965,32.28125,-110.03125
966,32.28125,-109.96875
967,32.28125,-109.90625
968,32.28125,-109.84375
969,32.28125,-109.78125
970,32.28125,-109.71875
971,32.28125,-109.65625
972,32.28125,-109.59375
973,32.28125,-109.53125
974,32.28125,-109.46875
975,32.28125,-109.40625
976,32.28125,-109.34375
977,32.28125,-109.28125
978,32.28125,-109.21875
979,32.28125,-109.15625
980,32.28125,-109.09375
981,32.28125,-109.03125
982,32.28125,-108.96875
983,32.28125,-108.90625
984,32.28125,-108.84375
985,32.28125,-108.78125
986,32.28125,-108.71875
987,32.28125,-108.65625
988,32.28125,-108.59375
989,32.28125,-108.53125
990,32.28125,-108.46875
991,32.28125,-108.40625
992,32.28125,-108.34375
993,32.28125,-108.28125
994,32.28125,-108.21875
995,32.34375,-114.21875
996,32.34375,-114.15625
997,32.34375,-114.09375
998,32.34375,-114.03125
999,32.34375,-113.96875
1000,32.34375,-113.90625
1001,32.34375,-113.84375
1002,32.34375,-113.78125
1003,32.34375,-113.71875
1004,32.34375,-113.65625
1005,32.34375,-113.59375
1006,32.34375,-113.53125
1007,32.34375,-113.46875
1008,32.34375,-113.40625
1009,32.34375,-113.34375
1010,32.34375,-113.28125
1011,32.34375,-113.21875
1012,32.34375,-113.15625
1013,32.34375,-113.09375
1014,32.34375,-113.03125
1015,32.34375,-112.96875
1016,32.34375,-112.90625
1017,32.34375,-112.84375
1018,32.34375,-112.78125
1019,32.34375,-112.71875
1020,32.34375,-112.65625
1021,32.34375,-112.59375
1022,32.34375,-112.53125
1023,32.34375,-112.46875
1024,32.34375,-112.40625
1025,32.34375,-112.34375
1026,32.34375,-112.28125
1027,32.34375,-112.21875
1028,32.34375,-112.15625
1029,32.34375,-112.09375
1030,32.34375,-112.03125
1031,32.34375,-111.96875
1032,32.34375,-111.90625
1033,32.34375,-111.84375
1034,32.34375,-111.78125
1035,32.34375,-111.71875
1036,32.34375,-111.65625
1037,32.34375,-111.59375
1038,32.34375,-111.53125
1039,32.34375,-111.46875
1040,32.34375,-111.40625
1041,32.34375,-111.34375
1042,32.34375,-111.28125
1043,32.34375,-111.21875
1044,32.34375,-111.15625
1045,32.34375,-111.09375
1046,32.34375,-111.03125
1047,32.34375,-110.96875
1048,32.34375,-110.90625
1049,32.34375,-110.84375
1050,32.34375,-110.78125
1051,32.34375,-110.71875
1052,32.34375,-110.65625
1053,32.34375,-110.59375
1054,32.34375,-110.53125
1055,32.34375,-110.46875
1056,32.34375,-110.40625
1057,32.34375,-110.34375
1058,32.34375,-110.28125
1059,32.34375,-110.21875
1060,32.34375,-110.15625
1061,32.34375,-110.09375
1062,32.34375,-110.03125
1063,32.34375,-109.96875
1064,32.34375,-109.90625
1065,32.34375,-109.84375
1066,32.34375,-109.78125
1067,32.34375,-109.71875
1068,32.34375,-109.65625
1069,32.34375,-109.59375
1070,32.34375,-109.53125
1071,32.34375,-109.46875
1072,32.34375,-109.40625
1073,32.34375,-109.34375
1074,32.34375,-109.28125
1075,32.34375,-109.21875
1076,32.34375,-109.15625
1077,32.34375,-109.09375
1078,32.34375,-109.03125
1079,32.34375,-108.96875
1080,32.34375,-108.90625
1081,32.34375,-108.84375
1082,32.34375,-108.78125
1083,32.34375,-108.71875
1084,32.34375,-108.65625
1085,32.34375,-108.59375
1086,32.34375,-108.53125
1087,32.34375,-108.46875
1088,32.34375,-108.40625
1089,32.34375,-108.34375
1090,32.34375,-108.28125
1091,32.40625,-114.59375
1092,32.40625,-114.53125
1093,32.40625,-114.46875
1094,32.40625,-114.40625
1095,32.40625,-114.34375
1096,32.40625,-114.28125
1097,32.40625,-114.21875
1098,32.40625,-114.15625
1099,32.40625,-114.09375
1100,32.40625,-114.03125
1101,32.40625,-113.96875
1102,32.40625,-113.90625
1103,32.40625,-113.84375
1104,32.40625,-113.78125
1105,32.40625,-113.71875
1106,32.40625,-113.65625
1107,32.40625,-113.59375
1108,32.40625,-113.53125
1109,32.40625,-113.46875
1110,32.40625,-113.40625
1111,32.40625,-113.34375
1112,32.40625,-113.28125
1113,32.40625,-113.21875
1114,32.40625,-113.15625
1115,32.40625,-113.09375
1116,32.40625,-113.03125
1117,32.40625,-112.96875
1118,32.40625,-112.90625
1119,32.40625,-112.84375
1120,32.40625,-112.78125
1121,32.40625,-112.71875
1122,32.40625,-112.65625
1123,32.40625,-112.59375
1124,32.40625,-112.53125
1125,32.40625,-112.46875
1126,32.40625,-112.40625
1127,32.40625,-112.34375
1128,32.40625,-112.28125
1129,32.40625,-112.21875
1130,32.40625,-112.15625
1131,32.40625,-112.09375
1132,32.40625,-112.03125
1133,32.40625,-111.96875
1134,32.40625,-111.90625
1135,32.40625,-111.84375
1136,32.40625,-111.78125
1137,32.40625,-111.71875
1138,32.40625,-111.65625
1139,32.40625,-111.59375
1140,32.40625,-111.53125
1141,32.40625,-111.46875
1142,32.40625,-111.40625
1143,32.40625,-111.34375
1144,32.40625,-111.28125
1145,32.40625,-111.21875
1146,32.40625,-111.15625
1147,32.40625,-111.09375
1148,32.40625,-111.03125
1149,32.40625,-110.96875
1150,32.40625,-110.90625
1151,32.40625,-110.84375
1152,32.40625,-110.78125
1153,32.40625,-110.71875
1154,32.40625,-110.65625
1155,32.40625,-110.59375
1156,32.40625,-110.53125
1157,32.40625,-110.46875
1158,32.40625,-110.40625
1159,32.40625,-110.34375
1160,32.40625,-110.28125
1161,32.40625,-110.21875
1162,32.40625,-110.15625
1163,32.40625,-110.09375
1164,32.40625,-110.03125
1165,32.40625,-109.96875
1166,32.40625,-109.90625
1167,32.40625,-109.84375
1168,32.40625,-109.78125
1169,32.40625,-109.71875
1170,32.40625,-109.65625
1171,32.40625,-109.59375
1172,32.40625,-109.53125
1173,32.40625,-109.46875
1174,32.40625,-109.40625
1175,32.40625,-109.34375
1176,32.40625,-109.28125
1177,32.40625,-109.21875
1178,32.40625,-109.15625
1179,32.40625,-109.09375
1180,32.40625,-109.03125
1181,32.40625,-108.96875
1182,32.40625,-108.90625
1183,32.40625,-108.84375
1184,32.40625,-108.78125
1185,32.40625,-108.71875
1186,32.40625,-108.65625
1187,32.40625,-108.59375
1188,32.40625,-108.53125
1189,32.40625,-108.46875
1190,32.40625,-108.40625
1191,32.40625,-108.34375
1192,32.40625,-108.28125
1193,32.46875,-114.59375
1194,32.46875,-114.53125
1195,32.46875,-114.46875
1196,32.46875,-114.40625
1197,32.46875,-114.34375
1198,32.46875,-114.28125
1199,32.46875,-114.21875
1200,32.46875,-114.15625
1201,32.46875,-114.09375
1202,32.46875,-114.03125
1203,32.46875,-113.96875
1204,32.46875,-113.90625
1205,32.46875,-113.84375
1206,32.46875,-113.78125
1207,32.46875,-113.71875
1208,32.46875,-113.65625
1209,32.46875,-113.59375
1210,32.46875,-113.53125
1211,32.46875,-113.46875
1212,32.46875,-113.40625
1213,32.46875,-113.34375
1214,32.46875,-113.28125
1215,32.46875,-113.21875
1216,32.46875,-113.15625
1217,32.46875,-113.09375
1218,32.46875,-113.03125
1219,32.46875,-112.96875
1220,32.46875,-112.90625
1221,32.46875,-112.84375
1222,32.46875,-112.78125
1223,32.46875,-112.71875
1224,32.46875,-112.65625
1225,32.46875,-112.59375
1226,32.46875,-112.53125
1227,32.46875,-112.46875
1228,32.46875,-112.40625
1229,32.46875,-112.34375
1230,32.46875,-112.28125
1231,32.46875,-112.21875
1232,32.46875,-112.15625
1233,32.46875,-112.09375
1234,32.46875,-112.03125
1235,32.46875,-111.96875
1236,32.46875,-111.90625
1237,32.46875,-111.84375
1238,32.46875,-111.78125
1239,32.46875,-111.71875
1240,32.46875,-111.65625
1241,32.46875,-111.59375
1242,32.46875,-111.53125
1243,32.46875,-111.46875
1244,32.46875,-111.40625
1245,32.46875,-111.34375
1246,32.46875,-111.28125
1247,32.46875,-111.21875
1248,32.46875,-111.15625
1249,32.46875,-111.09375
1250,32.46875,-111.03125
1251,32.46875,-110.96875
1252,32.46875,-110.90625
1253,32.46875,-110.84375
1254,32.46875,-110.78125
1255,32.46875,-110.71875
1256,32.46875,-110.65625
1257,32.46875,-110.59375
1258,32.46875,-110.53125
1259,32.46875,-110.46875
1260,32.46875,-110.40625
1261,32.46875,-110.34375
1262,32.46875,-110.28125
1263,32.46875,-110.21875
1264,32.46875,-110.15625
1265,32.46875,-110.09375
1266,32.46875,-110.03125
1267,32.46875,-109.96875
1268,32.46875,-109.90625
1269,32.46875,-109.84375
1270,32.46875,-109.78125
1271,32.46875,-109.71875
1272,32.46875,-109.65625
1273,32.46875,-109.59375
1274,32.46875,-109.53125
1275,32.46875,-109.46875
1276,32.46875,-109.40625
1277,32.46875,-109.34375
1278,32.46875,-109.28125
1279,32.46875,-109.21875
1280,32.46875,-109.15625
1281,32.46875,-109.09375
1282,32.46875,-109.03125
1283,32.46875,-108.96875
1284,32.46875,-108.90625
1285,32.46875,-108.84375
1286,32.46875,-108.78125
1287,32.46875,-108.71875
1288,32.46875,-108.65625
1289,32.46875,-108.59375
1290,32.46875,-108.53125
1291,32.46875,-108.46875
1292,32.46875,-108.40625
1293,32.46875,-108.34375
1294,32.53125,-114.71875
1295,32.53125,-114.65625
1296,32.53125,-114.59375
1297,32.53125,-114.53125
1298,32.53125,-114.46875
1299,32.53125,-114.40625
1300,32.53125,-114.34375
1301,32.53125,-114.28125
1302,32.53125,-114.21875
1303,32.53125,-114.15625
1304,32.53125,-114.09375
1305,32.53125,-114.03125
1306,32.53125,-113.96875
1307,32.53125,-113.90625
1308,32.53125,-113.84375
1309,32.53125,-113.78125
1310,32.53125,-113.71875
1311,32.53125,-113.65625
1312,32.53125,-113.59375
1313,32.53125,-113.53125
1314,32.53125,-113.46875
1315,32.53125,-113.40625
1316,32.53125,-113.34375
1317,32.53125,-113.28125
1318,32.53125,-113.21875
1319,32.53125,-113.15625
1320,32.53125,-113.09375
1321,32.53125,-113.03125
1322,32.53125,-112.96875
1323,32.53125,-112.90625
1324,32.53125,-112.84375
1325,32.53125,-112.78125
1326,32.53125,-112.71875
1327,32.53125,-112.65625
1328,32.53125,-112.59375
1329,32.53125,-112.53125
1330,32.53125,-112.46875
1331,32.53125,-112.40625
1332,32.53125,-112.34375
1333,32.53125,-112.28125
1334,32.53125,-112.21875
1335,32.53125,-112.15625
1336,32.53125,-112.09375
1337,32.53125,-112.03125
1338,32.53125,-111.96875
1339,32.53125,-111.90625
1340,32.53125,-111.84375
1341,32.53125,-111.78125
1342,32.53125,-111.71875
1343,32.53125,-111.65625
1344,32.53125,-111.59375
1345,32.53125,-111.53125
1346,32.53125,-111.46875
1347,32.53125,-111.40625
1348,32.53125,-111.34375
1349,32.53125,-111.28125
1350,32.53125,-111.21875
1351,32.53125,-111.15625
1352,32.53125,-111.09375
1353,32.53125,-111.03125
1354,32.53125,-110.96875
1355,32.53125,-110.90625
1356,32.53125,-110.84375
1357,32.53125,-110.78125
1358,32.53125,-110.71875
1359,32.53125,-110.65625
1360,32.53125,-110.59375
1361,32.53125,-110.53125
1362,32.53125,-110.46875
1363,32.53125,-110.40625
1364,32.53125,-110.34375
1365,32.53125,-110.28125
1366,32.53125,-110.21875
1367,32.53125,-110.15625
1368,32.53125,-110.09375
1369,32.53125,-110.03125
1370,32.53125,-109.96875
1371,32.53125,-109.90625
1372,32.53125,-109.84375
1373,32.53125,-109.78125
1374,32.53125,-109.71875
1375,32.53125,-109.65625
1376,32.53125,-109.59375
1377,32.53125,-109.53125
1378,32.53125,-109.46875
1379,32.53125,-109.40625
1380,32.53125,-109.34375
1381,32.53125,-109.28125
1382,32.53125,-109.21875
1383,32.53125,-109.15625
1384,32.53125,-109.09375
1385,32.53125,-109.03125
1386,32.53125,-108.96875
1387,32.53125,-108.90625
1388,32.53125,-108.84375
1389,32.53125,-108.78125
1390,32.53125,-108.71875
1391,32.53125,-108.65625
1392,32.53125,-108.59375
1393,32.53125,-108.53125
1394,32.53125,-108.46875
1395,32.59375,-114.71875
1396,32.59375,-114.65625
1397,32.59375,-114.59375
1398,32.59375,-114.53125
1399,32.59375,-114.46875
1400,32.59375,-114.40625
1401,32.59375,-114.34375
1402,32.59375,-114.28125
1403,32.59375,-114.21875
1404,32.59375,-114.15625
1405,32.59375,-114.09375
1406,32.59375,-114.03125
1407,32.59375,-113.96875
1408,32.59375,-113.90625
1409,32.59375,-113.84375
1410,32.59375,-113.78125
1411,32.59375,-113.71875
1412,32.59375,-113.65625
1413,32.59375,-113.59375
1414,32.59375,-113.53125
1415,32.59375,-113.46875
1416,32.59375,-113.40625
1417,32.59375,-113.34375
1418,32.59375,-113.28125
1419,32.59375,-113.21875
1420,32.59375,-113.15625
1421,32.59375,-113.09375
1422,32.59375,-113.03125
1423,32.59375,-112.96875
1424,32.59375,-112.90625
1425,32.59375,-112.84375
1426,32.59375,-112.78125
1427,32.59375,-112.71875
1428,32.59375,-112.65625
1429,32.59375,-112.59375
1430,32.59375,-112.53125
1431,32.59375,-112.46875
1432,32.59375,-112.40625
1433,32.59375,-112.34375
1434,32.59375,-112.28125
1435,32.59375,-112.21875
1436,32.59375,-112.15625
1437,32.59375,-112.09375
1438,32.59375,-112.03125
1439,32.59375,-111.96875
1440,32.59375,-111.90625
1441,32.59375,-111.84375
1442,32.59375,-111.78125
1443,32.59375,-111.71875
1444,32.59375,-111.65625
1445,32.59375,-111.59375
1446,32.59375,-111.53125
1447,32.59375,-111.46875
1448,32.59375,-111.40625
1449,32.59375,-111.34375
1450,32.59375,-111.28125
1451,32.59375,-111.21875
1452,32.59375,-111.15625
1453,32.59375,-111.09375
1454,32.59375,-111.03125
1455,32.59375,-110.96875
1456,32.59375,-110.90625
1457,32.59375,-110.84375
1458,32.59375,-110.78125
1459,32.59375,-110.71875
1460,32.59375,-110.65625
1461,32.59375,-110.59375
1462,32.59375,-110.53125
1463,32.59375,-110.46875
1464,32.59375,-110.40625
1465,32.59375,-110.34375
1466,32.59375,-110.28125
1467,32.59375,-110.21875
1468,32.59375,-110.15625
1469,32.59375,-110.09375
1470,32.59375,-110.03125
1471,32.59375,-109.96875
1472,32.59375,-109.90625
1473,32.59375,-109.84375
1474,32.59375,-109.78125
1475,32.59375,-109.71875
1476,32.59375,-109.65625
1477,32.59375,-109.59375
1478,32.59375,-109.53125
1479,32.59375,-109.46875
1480,32.59375,-109.40625
1481,32.59375,-109.34375
1482,32.59375,-109.28125
1483,32.59375,-109.21875
1484,32.59375,-109.15625
1485,32.59375,-109.09375
1486,32.59375,-109.03125
1487,32.59375,-108.96875
1488,32.59375,-108.90625
1489,32.59375,-108.84375
1490,32.59375,-108.78125
1491,32.59375,-108.71875
1492,32.59375,-108.65625
1493,32.59375,-108.59375
1494,32.59375,-108.53125
1495,32.59375,-108.46875
1496,32.65625,-114.71875
1497,32.65625,-114.65625
1498,32.65625,-114.59375
1499,32.65625,-114.53125
1500,32.65625,-114.46875
1501,32.65625,-114.40625
1502,32.65625,-114.34375
1503,32.65625,-114.28125
1504,32.65625,-114.21875
1505,32.65625,-114.15625
1506,32.65625,-114.09375
1507,32.65625,-114.03125
1508,32.65625,-113.96875
1509,32.65625,-113.90625
1510,32.65625,-113.84375
1511,32.65625,-113.78125
1512,32.65625,-113.71875
1513,32.65625,-113.65625
1514,32.65625,-113.59375
1515,32.65625,-113.53125
1516,32.65625,-113.46875
1517,32.65625,-113.40625
1518,32.65625,-113.34375
1519,32.65625,-113.28125
1520,32.65625,-113.21875
1521,32.65625,-113.15625
1522,32.65625,-113.09375
1523,32.65625,-113.03125
1524,32.65625,-112.96875
1525,32.65625,-112.90625
1526,32.65625,-112.84375
1527,32.65625,-112.78125
1528,32.65625,-112.71875
1529,32.65625,-112.65625
1530,32.65625,-112.59375
1531,32.65625,-112.53125
1532,32.65625,-112.46875
1533,32.65625,-112.40625
1534,32.65625,-112.34375
1535,32.65625,-112.28125
1536,32.65625,-112.21875
1537,32.65625,-112.15625
1538,32.65625,-112.09375
1539,32.65625,-112.03125
1540,32.65625,-111.96875
1541,32.65625,-111.90625
1542,32.65625,-111.84375
1543,32.65625,-111.78125
1544,32.65625,-111.71875
1545,32.65625,-111.65625
1546,32.65625,-111.59375
1547,32.65625,-111.53125
1548,32.65625,-111.46875
1549,32.65625,-111.40625
1550,32.65625,-111.34375
1551,32.65625,-111.28125
1552,32.65625,-111.21875
1553,32.65625,-111.15625
1554,32.65625,-111.09375
1555,32.65625,-111.03125
1556,32.65625,-110.96875
1557,32.65625,-110.90625
1558,32.65625,-110.84375
1559,32.65625,-110.78125
1560,32.65625,-110.71875
1561,32.65625,-110.65625
1562,32.65625,-110.59375
1563,32.65625,-110.53125
1564,32.65625,-110.46875
1565,32.65625,-110.40625
1566,32.65625,-110.34375
1567,32.65625,-110.28125
1568,32.65625,-110.21875
1569,32.65625,-110.15625
1570,32.65625,-110.09375
1571,32.65625,-110.03125
1572,32.65625,-109.96875
1573,32.65625,-109.90625
1574,32.65625,-109.78125
1575,32.65625,-109.71875
1576,32.65625,-109.65625
1577,32.65625,-109.59375
1578,32.65625,-109.53125
1579,32.65625,-109.46875
1580,32.65625,-109.40625
1581,32.65625,-109.34375
1582,32.65625,-109.28125
1583,32.65625,-109.21875
1584,32.65625,-109.15625
1585,32.65625,-109.09375
1586,32.65625,-109.03125
1587,32.65625,-108.96875
1588,32.65625,-108.90625
1589,32.65625,-108.84375
1590,32.65625,-108.78125
1591,32.65625,-108.71875
1592,32.65625,-108.65625
1593,32.65625,-108.59375
1594,32.65625,-108.53125
1595,32.65625,-108.46875
1596,32.65625,-108.40625
1597,32.65625,-108.34375
1598,32.71875,-114.71875
1599,32.71875,-114.65625
1600,32.71875,-114.59375
1601,32.71875,-114.53125
1602,32.71875,-114.46875
1603,32.71875,-114.40625
1604,32.71875,-114.34375
1605,32.71875,-114.28125
1606,32.71875,-114.21875
1607,32.71875,-114.15625
1608,32.71875,-114.09375
1609,32.71875,-114.03125
1610,32.71875,-113.96875
1611,32.71875,-113.90625
1612,32.71875,-113.84375
1613,32.71875,-113.78125
1614,32.71875,-113.71875
1615,32.71875,-113.65625
1616,32.71875,-113.59375
1617,32.71875,-113.53125
1618,32.71875,-113.46875
1619,32.71875,-113.40625
1620,32.71875,-113.34375
1621,32.71875,-113.28125
1622,32.71875,-113.21875
1623,32.71875,-113.15625
1624,32.71875,-113.09375
1625,32.71875,-113.03125
1626,32.71875,-112.96875
1627,32.71875,-112.90625
1628,32.71875,-112.84375
1629,32.71875,-112.78125
1630,32.71875,-112.71875
1631,32.71875,-112.65625
1632,32.71875,-112.59375
1633,32.71875,-112.53125
1634,32.71875,-112.46875
1635,32.71875,-112.40625
1636,32.71875,-112.34375
1637,32.71875,-112.28125
1638,32.71875,-112.21875
1639,32.71875,-112.15625
1640,32.71875,-112.09375
1641,32.71875,-112.03125
1642,32.71875,-111.96875
1643,32.71875,-111.90625
1644,32.71875,-111.84375
1645,32.71875,-111.78125
1646,32.71875,-111.71875
1647,32.71875,-111.65625
1648,32.71875,-111.59375
1649,32.71875,-111.53125
1650,32.71875,-111.46875
1651,32.71875,-111.40625
1652,32.71875,-111.34375
1653,32.71875,-111.28125
1654,32.71875,-111.21875
1655,32.71875,-111.15625
1656,32.71875,-111.09375
1657,32.71875,-111.03125
1658,32.71875,-110.96875
1659,32.71875,-110.90625
1660,32.71875,-110.84375
1661,32.71875,-110.78125
1662,32.71875,-110.71875
1663,32.71875,-110.65625
1664,32.71875,-110.59375
1665,32.71875,-110.53125
1666,32.71875,-110.46875
1667,32.71875,-110.40625
1668,32.71875,-110.34375
1669,32.71875,-110.28125
1670,32.71875,-110.21875
1671,32.71875,-110.15625
1672,32.71875,-110.09375
1673,32.71875,-110.03125
1674,32.71875,-109.78125
1675,32.71875,-109.71875
1676,32.71875,-109.65625
1677,32.71875,-109.59375
1678,32.71875,-109.53125
1679,32.71875,-109.46875
1680,32.71875,-109.40625
1681,32.71875,-109.34375
1682,32.71875,-109.28125
1683,32.71875,-109.21875
1684,32.71875,-109.15625
1685,32.71875,-109.09375
1686,32.71875,-109.03125
1687,32.71875,-108.96875
1688,32.71875,-108.90625
1689,32.71875,-108.84375
1690,32.71875,-108.78125
1691,32.71875,-108.71875
1692,32.71875,-108.65625
1693,32.71875,-108.59375
1694,32.71875,-108.53125
1695,32.71875,-108.46875
1696,32.71875,-108.40625
1697,32.78125,-114.71875
1698,32.78125,-114.65625
1699,32.78125,-114.59375
1700,32.78125,-114.53125
1701,32.78125,-114.46875
1702,32.78125,-114.40625
1703,32.78125,-114.34375
1704,32.78125,-114.28125
1705,32.78125,-114.21875
1706,32.78125,-114.15625
1707,32.78125,-114.09375
1708,32.78125,-114.03125
1709,32.78125,-113.96875
1710,32.78125,-113.90625
1711,32.78125,-113.84375
1712,32.78125,-113.78125
1713,32.78125,-113.71875
1714,32.78125,-113.65625
1715,32.78125,-113.59375
1716,32.78125,-113.53125
1717,32.78125,-113.46875
1718,32.78125,-113.40625
1719,32.78125,-113.34375
1720,32.78125,-113.28125
1721,32.78125,-113.21875
1722,32.78125,-113.15625
1723,32.78125,-113.09375
1724,32.78125,-113.03125
1725,32.78125,-112.96875
1726,32.78125,-112.90625
1727,32.78125,-112.84375
1728,32.78125,-112.78125
1729,32.78125,-112.71875
1730,32.78125,-112.65625
1731,32.78125,-112.59375
1732,32.78125,-112.53125
1733,32.78125,-112.46875
1734,32.78125,-112.40625
1735,32.78125,-112.34375
1736,32.78125,-112.28125
1737,32.78125,-112.21875
1738,32.78125,-112.15625
1739,32.78125,-112.09375
1740,32.78125,-112.03125
1741,32.78125,-111.96875
1742,32.78125,-111.90625
1743,32.78125,-111.84375
1744,32.78125,-111.78125
1745,32.78125,-111.71875
1746,32.78125,-111.65625
1747,32.78125,-111.59375
1748,32.78125,-111.53125
1749,32.78125,-111.46875
1750,32.78125,-111.40625
1751,32.78125,-111.34375
1752,32.78125,-111.28125
1753,32.78125,-111.21875
1754,32.78125,-111.15625
1755,32.78125,-111.09375
1756,32.78125,-111.03125
1757,32.78125,-110.96875
1758,32.78125,-110.90625
1759,32.78125,-110.84375
1760,32.78125,-110.78125
1761,32.78125,-110.71875
1762,32.78125,-110.65625
1763,32.78125,-110.59375
1764,32.78125,-110.53125
1765,32.78125,-110.46875
1766,32.78125,-110.40625
1767,32.78125,-110.34375
1768,32.78125,-110.28125
1769,32.78125,-110.21875
1770,32.78125,-110.15625
1771,32.78125,-110.09375
1772,32.78125,-110.03125
1773,32.78125,-109.96875
1774,32.78125,-109.90625
1775,32.78125,-109.84375
1776,32.78125,-109.78125
1777,32.78125,-109.71875
1778,32.78125,-109.65625
1779,32.78125,-109.59375
1780,32.78125,-109.53125
1781,32.78125,-109.46875
1782,32.78125,-109.40625
1783,32.78125,-109.34375
1784,32.78125,-109.28125
1785,32.78125,-109.21875
1786,32.78125,-109.15625
1787,32.78125,-109.09375
1788,32.78125,-109.03125
1789,32.78125,-108.96875
1790,32.78125,-108.90625
1791,32.78125,-108.84375
1792,32.78125,-108.78125
1793,32.78125,-108.71875
1794,32.78125,-108.65625
1795,32.78125,-108.59375
1796,32.78125,-108.53125
1797,32.78125,-108.46875
1798,32.78125,-108.40625
1799,32.78125,-108.34375
1800,32.84375,-114.71875
1801,32.84375,-114.65625
1802,32.84375,-114.59375
1803,32.84375,-114.53125
1804,32.84375,-114.46875
1805,32.84375,-114.40625
1806,32.84375,-114.34375
1807,32.84375,-114.28125
1808,32.84375,-114.21875
1809,32.84375,-114.15625
1810,32.84375,-114.09375
1811,32.84375,-114.03125
1812,32.84375,-113.96875
1813,32.84375,-113.90625
1814,32.84375,-113.84375
1815,32.84375,-113.78125
1816,32.84375,-113.71875
1817,32.84375,-113.65625
1818,32.84375,-113.59375
1819,32.84375,-113.53125
1820,32.84375,-113.46875
1821,32.84375,-113.40625
1822,32.84375,-113.34375
1823,32.84375,-113.28125
1824,32.84375,-113.21875
1825,32.84375,-113.15625
1826,32.84375,-113.09375
1827,32.84375,-113.03125
1828,32.84375,-112.96875
1829,32.84375,-112.90625
1830,32.84375,-112.84375
1831,32.84375,-112.78125
1832,32.84375,-112.71875
1833,32.84375,-112.65625
1834,32.84375,-112.59375
1835,32.84375,-112.53125
1836,32.84375,-112.46875
1837,32.84375,-112.40625
1838,32.84375,-112.34375
1839,32.84375,-112.28125
1840,32.84375,-112.21875
1841,32.84375,-112.15625
1842,32.84375,-112.09375
1843,32.84375,-112.03125
1844,32.84375,-111.96875
1845,32.84375,-111.90625
1846,32.84375,-111.84375
1847,32.84375,-111.78125
1848,32.84375,-111.71875
1849,32.84375,-111.65625
1850,32.84375,-111.59375
1851,32.84375,-111.53125
1852,32.84375,-111.46875
1853,32.84375,-111.40625
1854,32.84375,-111.34375
1855,32.84375,-111.28125
1856,32.84375,-111.21875
1857,32.84375,-111.15625
1858,32.84375,-111.09375
1859,32.84375,-111.03125
1860,32.84375,-110.96875
1861,32.84375,-110.90625
1862,32.84375,-110.84375
1863,32.84375,-110.78125
1864,32.84375,-110.71875
1865,32.84375,-110.65625
1866,32.84375,-110.59375
1867,32.84375,-110.53125
1868,32.84375,-110.46875
1869,32.84375,-110.40625
1870,32.84375,-110.34375
1871,32.84375,-110.28125
1872,32.84375,-110.21875
1873,32.84375,-110.15625
1874,32.84375,-110.09375
1875,32.84375,-110.03125
1876,32.84375,-109.96875
1877,32.84375,-109.90625
1878,32.84375,-109.84375
1879,32.84375,-109.78125
1880,32.84375,-109.71875
1881,32.84375,-109.65625
1882,32.84375,-109.59375
1883,32.84375,-109.53125
1884,32.84375,-109.46875
1885,32.84375,-109.40625
1886,32.84375,-109.34375
1887,32.84375,-109.28125
1888,32.84375,-109.21875
1889,32.84375,-109.15625
1890,32.84375,-109.09375
1891,32.84375,-109.03125
1892,32.84375,-108.96875
1893,32.84375,-108.90625
1894,32.84375,-108.84375
1895,32.84375,-108.78125
1896,32.84375,-108.71875
1897,32.84375,-108.65625
1898,32.84375,-108.59375
1899,32.84375,-108.53125
1900,32.84375,-108.46875
1901,32.84375,-108.40625
1902,32.84375,-108.34375
1903,32.90625,-114.71875
1904,32.90625,-114.65625
1905,32.90625,-114.59375
1906,32.90625,-114.53125
1907,32.90625,-114.46875
1908,32.90625,-114.40625
1909,32.90625,-114.34375
1910,32.90625,-114.28125
1911,32.90625,-114.21875
1912,32.90625,-114.15625
1913,32.90625,-114.09375
1914,32.90625,-114.03125
1915,32.90625,-113.96875
1916,32.90625,-113.90625
1917,32.90625,-113.84375
1918,32.90625,-113.78125
1919,32.90625,-113.71875
1920,32.90625,-113.65625
1921,32.90625,-113.59375
1922,32.90625,-113.53125
1923,32.90625,-113.46875
1924,32.90625,-113.40625
1925,32.90625,-113.34375
1926,32.90625,-113.28125
1927,32.90625,-113.21875
1928,32.90625,-113.15625
1929,32.90625,-113.09375
1930,32.90625,-113.03125
1931,32.90625,-112.96875
1932,32.90625,-112.90625
1933,32.90625,-112.84375
1934,32.90625,-112.78125
1935,32.90625,-112.71875
1936,32.90625,-112.65625
1937,32.90625,-112.59375
1938,32.90625,-112.53125
1939,32.90625,-112.46875
1940,32.90625,-112.40625
1941,32.90625,-112.34375
1942,32.90625,-112.28125
1943,32.90625,-112.21875
1944,32.90625,-112.15625
1945,32.90625,-112.09375
1946,32.90625,-112.03125
1947,32.90625,-111.96875
1948,32.90625,-111.90625
1949,32.90625,-111.84375
1950,32.90625,-111.78125
1951,32.90625,-111.71875
1952,32.90625,-111.65625
1953,32.90625,-111.59375
1954,32.90625,-111.53125
1955,32.90625,-111.46875
1956,32.90625,-111.40625
1957,32.90625,-111.34375
1958,32.90625,-111.28125
1959,32.90625,-111.21875
1960,32.90625,-111.15625
1961,32.90625,-111.09375
1962,32.90625,-111.03125
1963,32.90625,-110.96875
1964,32.90625,-110.90625
1965,32.90625,-110.84375
1966,32.90625,-110.78125
1967,32.90625,-110.71875
1968,32.90625,-110.65625
1969,32.90625,-110.59375
1970,32.90625,-110.53125
1971,32.90625,-110.46875
1972,32.90625,-110.40625
1973,32.90625,-110.34375
1974,32.90625,-110.28125
1975,32.90625,-110.21875
1976,32.90625,-110.15625
1977,32.90625,-110.09375
1978,32.90625,-110.03125
1979,32.90625,-109.96875
1980,32.90625,-109.90625
1981,32.90625,-109.84375
1982,32.90625,-109.78125
1983,32.90625,-109.71875
1984,32.90625,-109.65625
1985,32.90625,-109.59375
1986,32.90625,-109.53125
1987,32.90625,-109.46875
1988,32.90625,-109.40625
1989,32.90625,-109.34375
1990,32.90625,-109.28125
1991,32.90625,-109.21875
1992,32.90625,-109.15625
1993,32.90625,-109.09375
1994,32.90625,-109.03125
1995,32.90625,-108.96875
1996,32.90625,-108.90625
1997,32.90625,-108.84375
1998,32.90625,-108.78125
1999,32.90625,-108.71875
2000,32.90625,-108.65625
2001,32.90625,-108.59375
2002,32.90625,-108.53125
2003,32.90625,-108.46875
2004,32.90625,-108.40625
2005,32.90625,-108.34375
2006,32.90625,-108.28125
2007,32.90625,-108.21875
2008,32.96875,-114.65625
2009,32.96875,-114.59375
2010,32.96875,-114.53125
2011,32.96875,-114.46875
2012,32.96875,-114.40625
2013,32.96875,-114.34375
2014,32.96875,-114.28125
2015,32.96875,-114.21875
2016,32.96875,-114.15625
2017,32.96875,-114.09375
2018,32.96875,-114.03125
2019,32.96875,-113.96875
2020,32.96875,-113.90625
2021,32.96875,-113.84375
2022,32.96875,-113.78125
2023,32.96875,-113.71875
2024,32.96875,-113.65625
2025,32.96875,-113.59375
2026,32.96875,-113.53125
2027,32.96875,-113.46875
2028,32.96875,-113.40625
2029,32.96875,-113.34375
2030,32.96875,-113.28125
2031,32.96875,-113.21875
2032,32.96875,-113.15625
2033,32.96875,-113.09375
2034,32.96875,-113.03125
2035,32.96875,-112.96875
2036,32.96875,-112.90625
2037,32.96875,-112.84375
2038,32.96875,-112.78125
2039,32.96875,-112.71875
2040,32.96875,-112.65625
2041,32.96875,-112.59375
2042,32.96875,-112.53125
2043,32.96875,-112.46875
2044,32.96875,-112.40625
2045,32.96875,-112.34375
2046,32.96875,-112.28125
2047,32.96875,-112.21875
2048,32.96875,-112.15625
2049,32.96875,-112.09375
2050,32.96875,-112.03125
2051,32.96875,-111.96875
2052,32.96875,-111.90625
2053,32.96875,-111.84375
2054,32.96875,-111.78125
2055,32.96875,-111.71875
2056,32.96875,-111.65625
2057,32.96875,-111.59375
2058,32.96875,-111.53125
2059,32.96875,-111.46875
2060,32.96875,-111.40625
2061,32.96875,-111.34375
2062,32.96875,-111.28125
2063,32.96875,-111.21875
2064,32.96875,-111.15625
2065,32.96875,-111.09375
2066,32.96875,-111.03125
2067,32.96875,-110.96875
2068,32.96875,-110.90625
2069,32.96875,-110.84375
2070,32.96875,-110.78125
2071,32.96875,-110.71875
2072,32.96875,-110.65625
2073,32.96875,-110.59375
2074,32.96875,-110.53125
2075,32.96875,-110.46875
2076,32.96875,-110.40625
2077,32.96875,-110.34375
2078,32.96875,-110.28125
2079,32.96875,-110.21875
2080,32.96875,-110.15625
2081,32.96875,-110.09375
2082,32.96875,-110.03125
2083,32.96875,-109.96875
2084,32.96875,-109.90625
2085,32.96875,-109.84375
2086,32.96875,-109.78125
2087,32.96875,-109.71875
2088,32.96875,-109.65625
2089,32.96875,-109.59375
2090,32.96875,-109.53125
2091,32.96875,-109.46875
2092,32.96875,-109.40625
2093,32.96875,-109.34375
2094,32.96875,-109.28125
2095,32.96875,-109.21875
2096,32.96875,-109.15625
2097,32.96875,-109.09375
2098,32.96875,-109.03125
2099,32.96875,-108.96875
2100,32.96875,-108.90625
2101,32.96875,-108.84375
2102,32.96875,-108.78125
2103,32.96875,-108.71875
2104,32.96875,-108.65625
2105,32.96875,-108.59375
2106,32.96875,-108.53125
2107,32.96875,-108.46875
2108,32.96875,-108.40625
2109,32.96875,-108.34375
2110,32.96875,-108.28125
2111,32.96875,-108.21875
2112,32.96875,-108.15625
2113,32.96875,-108.09375
2114,33.03125,-114.78125
2115,33.03125,-114.71875
2116,33.03125,-114.65625
2117,33.03125,-114.59375
2118,33.03125,-114.53125
2119,33.03125,-114.46875
2120,33.03125,-114.40625
2121,33.03125,-114.34375
2122,33.03125,-114.28125
2123,33.03125,-114.21875
2124,33.03125,-114.15625
2125,33.03125,-114.09375
2126,33.03125,-114.03125
2127,33.03125,-113.96875
2128,33.03125,-113.90625
2129,33.03125,-113.84375
2130,33.03125,-113.78125
2131,33.03125,-113.71875
2132,33.03125,-113.65625
2133,33.03125,-113.59375
2134,33.03125,-113.53125
2135,33.03125,-113.46875
2136,33.03125,-113.40625
2137,33.03125,-113.34375
2138,33.03125,-113.28125
2139,33.03125,-113.21875
2140,33.03125,-113.15625
2141,33.03125,-113.09375
2142,33.03125,-113.03125
2143,33.03125,-112.96875
2144,33.03125,-112.90625
2145,33.03125,-112.84375
2146,33.03125,-112.78125
2147,33.03125,-112.71875
2148,33.03125,-112.65625
2149,33.03125,-112.59375
2150,33.03125,-112.53125
2151,33.03125,-112.46875
2152,33.03125,-112.40625
2153,33.03125,-112.34375
2154,33.03125,-112.28125
2155,33.03125,-112.21875
2156,33.03125,-112.15625
2157,33.03125,-112.09375
2158,33.03125,-112.03125
2159,33.03125,-111.96875
2160,33.03125,-111.90625
2161,33.03125,-111.84375
2162,33.03125,-111.78125
2163,33.03125,-111.71875
2164,33.03125,-111.65625
2165,33.03125,-111.59375
2166,33.03125,-111.53125
2167,33.03125,-111.46875
2168,33.03125,-111.40625
2169,33.03125,-111.34375
2170,33.03125,-111.28125
2171,33.03125,-111.21875
2172,33.03125,-111.15625
2173,33.03125,-111.09375
2174,33.03125,-111.03125
2175,33.03125,-110.96875
2176,33.03125,-110.90625
2177,33.03125,-110.84375
2178,33.03125,-110.78125
2179,33.03125,-110.71875
2180,33.03125,-110.65625
2181,33.03125,-110.59375
2182,33.03125,-110.53125
2183,33.03125,-110.46875
2184,33.03125,-110.40625
2185,33.03125,-110.34375
2186,33.03125,-110.28125
2187,33.03125,-110.21875
2188,33.03125,-110.15625
2189,33.03125,-110.09375
2190,33.03125,-110.03125
2191,33.03125,-109.96875
2192,33.03125,-109.90625
2193,33.03125,-109.84375
2194,33.03125,-109.78125
2195,33.03125,-109.71875
2196,33.03125,-109.65625
2197,33.03125,-109.59375
2198,33.03125,-109.53125
2199,33.03125,-109.46875
2200,33.03125,-109.40625
2201,33.03125,-109.34375
2202,33.03125,-109.28125
2203,33.03125,-109.21875
2204,33.03125,-109.15625
2205,33.03125,-109.09375
2206,33.03125,-109.03125
2207,33.03125,-108.96875
2208,33.03125,-108.90625
2209,33.03125,-108.84375
2210,33.03125,-108.78125
2211,33.03125,-108.71875
2212,33.03125,-108.65625
2213,33.03125,-108.59375
2214,33.03125,-108.53125
2215,33.03125,-108.46875
2216,33.03125,-108.40625
2217,33.03125,-108.34375
2218,33.03125,-108.28125
2219,33.03125,-108.21875
2220,33.03125,-108.15625
2221,33.03125,-108.09375
2222,33.03125,-108.03125
2223,33.09375,-114.78125
2224,33.09375,-114.71875
2225,33.09375,-114.65625
2226,33.09375,-114.59375
2227,33.09375,-114.53125
2228,33.09375,-114.46875
2229,33.09375,-114.40625
2230,33.09375,-114.34375
2231,33.09375,-114.28125
2232,33.09375,-114.21875
2233,33.09375,-114.15625
2234,33.09375,-114.09375
2235,33.09375,-114.03125
2236,33.09375,-113.96875
2237,33.09375,-113.90625
2238,33.09375,-113.84375
2239,33.09375,-113.78125
2240,33.09375,-113.71875
2241,33.09375,-113.65625
2242,33.09375,-113.59375
2243,33.09375,-113.53125
2244,33.09375,-113.46875
2245,33.09375,-113.40625
2246,33.09375,-113.34375
2247,33.09375,-113.28125
2248,33.09375,-113.21875
2249,33.09375,-113.15625
2250,33.09375,-113.09375
2251,33.09375,-113.03125
2252,33.09375,-112.96875
2253,33.09375,-112.90625
2254,33.09375,-112.84375
2255,33.09375,-112.78125
2256,33.09375,-112.71875
2257,33.09375,-112.65625
2258,33.09375,-112.59375
2259,33.09375,-112.53125
2260,33.09375,-112.46875
2261,33.09375,-112.40625
2262,33.09375,-112.34375
2263,33.09375,-112.28125
2264,33.09375,-112.21875
2265,33.09375,-112.15625
2266,33.09375,-112.09375
2267,33.09375,-112.03125
2268,33.09375,-111.96875
2269,33.09375,-111.90625
2270,33.09375,-111.84375
2271,33.09375,-111.78125
2272,33.09375,-111.71875
2273,33.09375,-111.65625
2274,33.09375,-111.59375
2275,33.09375,-111.53125
2276,33.09375,-111.46875
2277,33.09375,-111.40625
2278,33.09375,-111.34375
2279,33.09375,-111.28125
2280,33.09375,-111.21875
2281,33.09375,-111.15625
2282,33.09375,-111.09375
2283,33.09375,-111.03125
2284,33.09375,-110.96875
2285,33.09375,-110.90625
2286,33.09375,-110.84375
2287,33.09375,-110.78125
2288,33.09375,-110.71875
2289,33.09375,-110.65625
2290,33.09375,-110.59375
2291,33.09375,-110.53125
2292,33.09375,-110.46875
2293,33.09375,-110.40625
2294,33.09375,-110.34375
2295,33.09375,-110.28125
2296,33.09375,-110.21875
2297,33.09375,-110.15625
2298,33.09375,-110.09375
2299,33.09375,-110.03125
2300,33.09375,-109.96875
2301,33.09375,-109.90625
2302,33.09375,-109.84375
2303,33.09375,-109.78125
2304,33.09375,-109.71875
2305,33.09375,-109.65625
2306,33.09375,-109.59375
2307,33.09375,-109.53125
2308,33.09375,-109.46875
2309,33.09375,-109.40625
2310,33.09375,-109.34375
2311,33.09375,-109.28125
2312,33.09375,-109.21875
2313,33.09375,-109.15625
2314,33.09375,-109.09375
2315,33.09375,-109.03125
2316,33.09375,-108.96875
2317,33.09375,-108.90625
2318,33.09375,-108.84375
2319,33.09375,-108.78125
2320,33.09375,-108.71875
2321,33.09375,-108.65625
2322,33.09375,-108.59375
2323,33.09375,-108.53125
2324,33.09375,-108.46875
2325,33.09375,-108.40625
2326,33.09375,-108.34375
2327,33.09375,-108.28125
2328,33.09375,-108.21875
2329,33.09375,-108.15625
2330,33.09375,-108.09375
2331,33.09375,-108.03125
2332,33.09375,-107.96875
2333,33.15625,-115.03125
2334,33.15625,-114.96875
2335,33.15625,-114.90625
2336,33.15625,-114.84375
2337,33.15625,-114.78125
2338,33.15625,-114.71875
2339,33.15625,-114.65625
2340,33.15625,-114.59375
2341,33.15625,-114.53125
2342,33.15625,-114.46875
2343,33.15625,-114.40625
2344,33.15625,-114.34375
2345,33.15625,-114.28125
2346,33.15625,-114.21875
2347,33.15625,-114.15625
2348,33.15625,-114.09375
2349,33.15625,-114.03125
2350,33.15625,-113.96875
2351,33.15625,-113.90625
2352,33.15625,-113.84375
2353,33.15625,-113.78125
2354,33.15625,-113.71875
2355,33.15625,-113.65625
2356,33.15625,-113.59375
2357,33.15625,-113.53125
2358,33.15625,-113.46875
2359,33.15625,-113.40625
2360,33.15625,-113.34375
2361,33.15625,-113.28125
2362,33.15625,-113.21875
2363,33.15625,-113.15625
2364,33.15625,-113.09375
2365,33.15625,-113.03125
2366,33.15625,-112.96875
2367,33.15625,-112.90625
2368,33.15625,-112.84375
2369,33.15625,-112.78125
2370,33.15625,-112.71875
2371,33.15625,-112.65625
2372,33.15625,-112.59375
2373,33.15625,-112.53125
2374,33.15625,-112.46875
2375,33.15625,-112.40625
2376,33.15625,-112.34375
2377,33.15625,-112.28125
2378,33.15625,-112.21875
2379,33.15625,-112.15625
2380,33.15625,-112.09375
2381,33.15625,-112.03125
2382,33.15625,-111.96875
2383,33.15625,-111.90625
2384,33.15625,-111.84375
2385,33.15625,-111.78125
2386,33.15625,-111.71875
2387,33.15625,-111.65625
2388,33.15625,-111.59375
2389,33.15625,-111.53125
2390,33.15625,-111.46875
2391,33.15625,-111.40625
2392,33.15625,-111.34375
2393,33.15625,-111.28125
2394,33.15625,-111.21875
2395,33.15625,-111.15625
2396,33.15625,-111.09375
2397,33.15625,-111.03125
2398,33.15625,-110.96875
2399,33.15625,-110.90625
2400,33.15625,-110.84375
2401,33.15625,-110.78125
2402,33.15625,-110.71875
2403,33.15625,-110.65625
2404,33.15625,-110.59375
2405,33.15625,-110.53125
2406,33.15625,-110.46875
2407,33.15625,-110.40625
2408,33.15625,-110.34375
2409,33.15625,-110.28125
2410,33.15625,-110.21875
2411,33.15625,-110.15625
2412,33.15625,-110.09375
2413,33.15625,-110.03125
2414,33.15625,-109.96875
2415,33.15625,-109.90625
2416,33.15625,-109.84375
2417,33.15625,-109.78125
2418,33.15625,-109.71875
2419,33.15625,-109.65625
2420,33.15625,-109.59375
2421,33.15625,-109.53125
2422,33.15625,-109.46875
2423,33.15625,-109.40625
2424,33.15625,-109.34375
2425,33.15625,-109.28125
2426,33.15625,-109.21875
2427,33.15625,-109.15625
2428,33.15625,-109.09375
2429,33.15625,-109.03125
2430,33.15625,-108.96875
2431,33.15625,-108.90625
2432,33.15625,-108.84375
2433,33.15625,-108.78125
2434,33.15625,-108.71875
2435,33.15625,-108.65625
2436,33.15625,-108.59375
2437,33.15625,-108.53125
2438,33.15625,-108.46875
2439,33.15625,-108.40625
2440,33.15625,-108.34375
2441,33.15625,-108.28125
2442,33.15625,-108.21875
2443,33.15625,-108.15625
2444,33.15625,-108.09375
2445,33.15625,-108.03125
2446,33.15625,-107.96875
2447,33.21875,-115.15625
2448,33.21875,-115.09375
2449,33.21875,-115.03125
2450,33.21875,-114.96875
2451,33.21875,-114.90625
2452,33.21875,-114.84375
2453,33.21875,-114.78125
2454,33.21875,-114.71875
2455,33.21875,-114.65625
2456,33.21875,-114.59375
2457,33.21875,-114.53125
2458,33.21875,-114.46875
2459,33.21875,-114.40625
2460,33.21875,-114.34375
2461,33.21875,-114.28125
2462,33.21875,-114.21875
2463,33.21875,-114.15625
2464,33.21875,-114.09375
2465,33.21875,-114.03125
2466,33.21875,-113.96875
2467,33.21875,-113.90625
2468,33.21875,-113.84375
2469,33.21875,-113.78125
2470,33.21875,-113.71875
2471,33.21875,-113.65625
2472,33.21875,-113.59375
2473,33.21875,-113.53125
2474,33.21875,-113.46875
2475,33.21875,-113.40625
2476,33.21875,-113.34375
2477,33.21875,-113.28125
2478,33.21875,-113.21875
2479,33.21875,-113.15625
2480,33.21875,-113.09375
2481,33.21875,-113.03125
2482,33.21875,-112.96875
2483,33.21875,-112.90625
2484,33.21875,-112.84375
2485,33.21875,-112.78125
2486,33.21875,-112.71875
2487,33.21875,-112.65625
2488,33.21875,-112.59375
2489,33.21875,-112.53125
2490,33.21875,-112.46875
2491,33.21875,-112.40625
2492,33.21875,-112.34375
2493,33.21875,-112.28125
2494,33.21875,-112.21875
2495,33.21875,-112.15625
2496,33.21875,-112.09375
2497,33.21875,-112.03125
2498,33.21875,-111.96875
2499,33.21875,-111.90625
2500,33.21875,-111.84375
2501,33.21875,-111.78125
2502,33.21875,-111.71875
2503,33.21875,-111.65625
2504,33.21875,-111.59375
2505,33.21875,-111.53125
2506,33.21875,-111.46875
2507,33.21875,-111.40625
2508,33.21875,-111.34375
2509,33.21875,-111.28125
2510,33.21875,-111.21875
2511,33.21875,-111.15625
2512,33.21875,-111.09375
2513,33.21875,-111.03125
2514,33.21875,-110.96875
2515,33.21875,-110.90625
2516,33.21875,-110.84375
2517,33.21875,-110.78125
2518,33.21875,-110.71875
2519,33.21875,-110.65625
2520,33.21875,-110.59375
2521,33.21875,-110.53125
2522,33.21875,-110.46875
2523,33.21875,-110.40625
2524,33.21875,-110.34375
2525,33.21875,-110.28125
2526,33.21875,-110.21875
2527,33.21875,-110.15625
2528,33.21875,-110.09375
2529,33.21875,-110.03125
2530,33.21875,-109.96875
2531,33.21875,-109.90625
2532,33.21875,-109.84375
2533,33.21875,-109.78125
2534,33.21875,-109.71875
2535,33.21875,-109.65625
2536,33.21875,-109.59375
2537,33.21875,-109.53125
2538,33.21875,-109.46875
2539,33.21875,-109.40625
2540,33.21875,-109.34375
2541,33.21875,-109.28125
2542,33.21875,-109.21875
2543,33.21875,-109.15625
2544,33.21875,-109.09375
2545,33.21875,-109.03125
2546,33.21875,-108.96875
2547,33.21875,-108.90625
2548,33.21875,-108.84375
2549,33.21875,-108.78125
2550,33.21875,-108.71875
2551,33.21875,-108.65625
2552,33.21875,-108.59375
2553,33.21875,-108.40625
2554,33.21875,-108.34375
2555,33.21875,-108.28125
2556,33.21875,-108.21875
2557,33.21875,-108.15625
2558,33.21875,-108.09375
2559,33.21875,-108.03125
2560,33.21875,-107.96875
2561,33.21875,-107.90625
2562,33.28125,-115.15625
2563,33.28125,-115.09375
2564,33.28125,-115.03125
2565,33.28125,-114.96875
2566,33.28125,-114.90625
2567,33.28125,-114.84375
2568,33.28125,-114.78125
2569,33.28125,-114.71875
2570,33.28125,-114.65625
2571,33.28125,-114.59375
2572,33.28125,-114.53125
2573,33.28125,-114.46875
2574,33.28125,-114.40625
2575,33.28125,-114.34375
2576,33.28125,-114.28125
2577,33.28125,-114.21875
2578,33.28125,-114.15625
2579,33.28125,-114.09375
2580,33.28125,-114.03125
2581,33.28125,-113.96875
2582,33.28125,-113.90625
2583,33.28125,-113.84375
2584,33.28125,-113.78125
2585,33.28125,-113.71875
2586,33.28125,-113.65625
2587,33.28125,-113.59375
2588,33.28125,-113.53125
2589,33.28125,-113.46875
2590,33.28125,-113.40625
2591,33.28125,-113.34375
2592,33.28125,-113.28125
2593,33.28125,-113.21875
2594,33.28125,-113.15625
2595,33.28125,-113.09375
2596,33.28125,-113.03125
2597,33.28125,-112.96875
2598,33.28125,-112.90625
2599,33.28125,-112.84375
2600,33.28125,-112.78125
2601,33.28125,-112.71875
2602,33.28125,-112.65625
2603,33.28125,-112.59375
2604,33.28125,-112.53125
2605,33.28125,-112.46875
2606,33.28125,-112.40625
2607,33.28125,-112.34375
2608,33.28125,-112.28125
2609,33.28125,-112.21875
2610,33.28125,-112.15625
2611,33.28125,-112.09375
2612,33.28125,-112.03125
2613,33.28125,-111.96875
2614,33.28125,-111.90625
2615,33.28125,-111.84375
2616,33.28125,-111.78125
2617,33.28125,-111.71875
2618,33.28125,-111.65625
2619,33.28125,-111.59375
2620,33.28125,-111.53125
2621,33.28125,-111.46875
2622,33.28125,-111.40625
2623,33.28125,-111.34375
2624,33.28125,-111.28125
2625,33.28125,-111.21875
2626,33.28125,-111.15625
2627,33.28125,-111.09375
2628,33.28125,-111.03125
2629,33.28125,-110.96875
2630,33.28125,-110.90625
2631,33.28125,-110.84375
2632,33.28125,-110.78125
2633,33.28125,-110.71875
2634,33.28125,-110.65625
2635,33.28125,-110.59375
2636,33.28125,-110.53125
2637,33.28125,-110.46875
2638,33.28125,-110.40625
2639,33.28125,-110.34375
2640,33.28125,-110.28125
2641,33.28125,-110.21875
2642,33.28125,-110.15625
2643,33.28125,-110.09375
2644,33.28125,-110.03125
2645,33.28125,-109.96875
2646,33.28125,-109.90625
2647,33.28125,-109.84375
2648,33.28125,-109.78125
2649,33.28125,-109.71875
2650,33.28125,-109.65625
2651,33.28125,-109.59375
2652,33.28125,-109.53125
2653,33.28125,-109.46875
2654,33.28125,-109.40625
2655,33.28125,-109.34375
2656,33.28125,-109.28125
2657,33.28125,-109.21875
2658,33.28125,-109.15625
2659,33.28125,-109.09375
2660,33.28125,-109.03125
2661,33.28125,-108.96875
2662,33.28125,-108.90625
2663,33.28125,-108.84375
2664,33.28125,-108.78125
2665,33.28125,-108.46875
2666,33.28125,-108.40625
2667,33.28125,-108.34375
2668,33.28125,-108.28125
2669,33.28125,-108.21875
2670,33.28125,-108.15625
2671,33.28125,-108.09375
2672,33.28125,-108.03125
2673,33.28125,-107.96875
2674,33.28125,-107.90625
2675,33.34375,-115.21875
2676,33.34375,-115.15625
2677,33.34375,-115.09375
2678,33.34375,-115.03125
2679,33.34375,-114.96875
2680,33.34375,-114.90625
2681,33.34375,-114.84375
2682,33.34375,-114.78125
2683,33.34375,-114.71875
2684,33.34375,-114.65625
2685,33.34375,-114.59375
2686,33.34375,-114.53125
2687,33.34375,-114.46875
2688,33.34375,-114.40625
2689,33.34375,-114.34375
2690,33.34375,-114.28125
2691,33.34375,-114.21875
2692,33.34375,-114.15625
2693,33.34375,-114.09375
2694,33.34375,-114.03125
2695,33.34375,-113.96875
2696,33.34375,-113.90625
2697,33.34375,-113.84375
2698,33.34375,-113.78125
2699,33.34375,-113.71875
2700,33.34375,-113.65625
2701,33.34375,-113.59375
2702,33.34375,-113.53125
2703,33.34375,-113.46875
2704,33.34375,-113.40625
2705,33.34375,-113.34375
2706,33.34375,-113.28125
2707,33.34375,-113.21875
2708,33.34375,-113.15625
2709,33.34375,-113.09375
2710,33.34375,-113.03125
2711,33.34375,-112.96875
2712,33.34375,-112.90625
2713,33.34375,-112.84375
2714,33.34375,-112.78125
2715,33.34375,-112.71875
2716,33.34375,-112.65625
2717,33.34375,-112.59375
2718,33.34375,-112.53125
2719,33.34375,-112.46875
2720,33.34375,-112.40625
2721,33.34375,-112.34375
2722,33.34375,-112.28125
2723,33.34375,-112.21875
2724,33.34375,-112.15625
2725,33.34375,-112.09375
2726,33.34375,-112.03125
2727,33.34375,-111.96875
2728,33.34375,-111.90625
2729,33.34375,-111.84375
2730,33.34375,-111.78125
2731,33.34375,-111.71875
2732,33.34375,-111.65625
2733,33.34375,-111.59375
2734,33.34375,-111.53125
2735,33.34375,-111.46875
2736,33.34375,-111.40625
2737,33.34375,-111.34375
2738,33.34375,-111.28125
2739,33.34375,-111.21875
2740,33.34375,-111.15625
2741,33.34375,-111.09375
2742,33.34375,-111.03125
2743,33.34375,-110.96875
2744,33.34375,-110.90625
2745,33.34375,-110.84375
2746,33.34375,-110.78125
2747,33.34375,-110.71875
2748,33.34375,-110.65625
2749,33.34375,-110.59375
2750,33.34375,-110.53125
2751,33.34375,-110.46875
2752,33.34375,-110.40625
2753,33.34375,-110.34375
2754,33.34375,-110.28125
2755,33.34375,-110.21875
2756,33.34375,-110.15625
2757,33.34375,-110.09375
2758,33.34375,-110.03125
2759,33.34375,-109.96875
2760,33.34375,-109.90625
2761,33.34375,-109.84375
2762,33.34375,-109.78125
2763,33.34375,-109.71875
2764,33.34375,-109.65625
2765,33.34375,-109.59375
2766,33.34375,-109.53125
2767,33.34375,-109.46875
2768,33.34375,-109.40625
2769,33.34375,-109.34375
2770,33.34375,-109.28125
2771,33.34375,-109.21875
2772,33.34375,-109.15625
2773,33.34375,-109.09375
2774,33.34375,-109.03125
2775,33.34375,-108.96875
2776,33.34375,-108.90625
2777,33.34375,-108.84375
2778,33.34375,-108.40625
2779,33.34375,-108.34375
2780,33.34375,-108.28125
2781,33.34375,-108.21875
2782,33.34375,-108.15625
2783,33.34375,-108.09375
2784,33.34375,-108.03125
2785,33.34375,-107.96875
2786,33.34375,-107.90625
2787,33.34375,-107.84375
2788,33.40625,-115.28125
2789,33.40625,-115.21875
2790,33.40625,-115.15625
2791,33.40625,-114.90625
2792,33.40625,-114.84375
2793,33.40625,-114.78125
2794,33.40625,-114.71875
2795,33.40625,-114.65625
2796,33.40625,-114.59375
2797,33.40625,-114.53125
2798,33.40625,-114.46875
2799,33.40625,-114.40625
2800,33.40625,-114.34375
2801,33.40625,-114.28125
2802,33.40625,-114.21875
2803,33.40625,-114.15625
2804,33.40625,-114.09375
2805,33.40625,-114.03125
2806,33.40625,-113.96875
2807,33.40625,-113.90625
2808,33.40625,-113.84375
2809,33.40625,-113.78125
2810,33.40625,-113.71875
2811,33.40625,-113.65625
2812,33.40625,-113.59375
2813,33.40625,-113.53125
2814,33.40625,-113.46875
2815,33.40625,-113.40625
2816,33.40625,-113.34375
2817,33.40625,-113.28125
2818,33.40625,-113.21875
2819,33.40625,-113.15625
2820,33.40625,-113.09375
2821,33.40625,-113.03125
2822,33.40625,-112.96875
2823,33.40625,-112.90625
2824,33.40625,-112.84375
2825,33.40625,-112.78125
2826,33.40625,-112.71875
2827,33.40625,-112.65625
2828,33.40625,-112.59375
2829,33.40625,-112.53125
2830,33.40625,-112.46875
2831,33.40625,-112.40625
2832,33.40625,-112.34375
2833,33.40625,-112.28125
2834,33.40625,-112.21875
2835,33.40625,-112.15625
2836,33.40625,-112.09375
2837,33.40625,-112.03125
2838,33.40625,-111.96875
2839,33.40625,-111.90625
2840,33.40625,-111.84375
2841,33.40625,-111.78125
2842,33.40625,-111.71875
2843,33.40625,-111.65625
2844,33.40625,-111.59375
2845,33.40625,-111.53125
2846,33.40625,-111.46875
2847,33.40625,-111.40625
2848,33.40625,-111.34375
2849,33.40625,-111.28125
2850,33.40625,-111.21875
2851,33.40625,-111.15625
2852,33.40625,-111.09375
2853,33.40625,-111.03125
2854,33.40625,-110.96875
2855,33.40625,-110.90625
2856,33.40625,-110.84375
2857,33.40625,-110.78125
2858,33.40625,-110.71875
2859,33.40625,-110.65625
2860,33.40625,-110.59375
2861,33.40625,-110.53125
2862,33.40625,-110.46875
2863,33.40625,-110.40625
2864,33.40625,-110.34375
2865,33.40625,-110.28125
2866,33.40625,-110.21875
2867,33.40625,-110.15625
2868,33.40625,-110.09375
2869,33.40625,-110.03125
2870,33.40625,-109.96875
2871,33.40625,-109.90625
2872,33.40625,-109.84375
2873,33.40625,-109.78125
2874,33.40625,-109.71875
2875,33.40625,-109.65625
2876,33.40625,-109.59375
2877,33.40625,-109.53125
2878,33.40625,-109.46875
2879,33.40625,-109.40625
2880,33.40625,-109.34375
2881,33.40625,-109.28125
2882,33.40625,-109.21875
2883,33.40625,-109.15625
2884,33.40625,-109.09375
2885,33.40625,-109.03125
2886,33.40625,-108.96875
2887,33.40625,-108.90625
2888,33.40625,-108.84375
2889,33.40625,-108.78125
2890,33.40625,-108.46875
2891,33.40625,-108.40625
2892,33.40625,-108.34375
2893,33.40625,-108.28125
2894,33.40625,-108.15625
2895,33.40625,-108.09375
2896,33.40625,-108.03125
2897,33.40625,-107.96875
2898,33.40625,-107.90625
2899,33.46875,-115.28125
2900,33.46875,-114.84375
2901,33.46875,-114.78125
2902,33.46875,-114.71875
2903,33.46875,-114.65625
2904,33.46875,-114.59375
2905,33.46875,-114.53125
2906,33.46875,-114.46875
2907,33.46875,-114.40625
2908,33.46875,-114.34375
2909,33.46875,-114.28125
2910,33.46875,-114.21875
2911,33.46875,-114.15625
2912,33.46875,-114.09375
2913,33.46875,-114.03125
2914,33.46875,-113.96875
2915,33.46875,-113.90625
2916,33.46875,-113.84375
2917,33.46875,-113.78125
2918,33.46875,-113.71875
2919,33.46875,-113.65625
2920,33.46875,-113.59375
2921,33.46875,-113.53125
2922,33.46875,-113.46875
2923,33.46875,-113.40625
2924,33.46875,-113.34375
2925,33.46875,-113.28125
2926,33.46875,-113.21875
2927,33.46875,-113.15625
2928,33.46875,-113.09375
2929,33.46875,-113.03125
2930,33.46875,-112.96875
2931,33.46875,-112.90625
2932,33.46875,-112.84375
2933,33.46875,-112.78125
2934,33.46875,-112.71875
2935,33.46875,-112.65625
2936,33.46875,-112.59375
2937,33.46875,-112.53125
2938,33.46875,-112.46875
2939,33.46875,-112.40625
2940,33.46875,-112.34375
2941,33.46875,-112.28125
2942,33.46875,-112.21875
2943,33.46875,-112.15625
2944,33.46875,-112.09375
2945,33.46875,-112.03125
2946,33.46875,-111.96875
2947,33.46875,-111.90625
2948,33.46875,-111.84375
2949,33.46875,-111.78125
2950,33.46875,-111.71875
2951,33.46875,-111.65625
2952,33.46875,-111.59375
2953,33.46875,-111.53125
2954,33.46875,-111.46875
2955,33.46875,-111.40625
2956,33.46875,-111.34375
2957,33.46875,-111.28125
2958,33.46875,-111.21875
2959,33.46875,-111.15625
2960,33.46875,-111.09375
2961,33.46875,-111.03125
2962,33.46875,-110.96875
2963,33.46875,-110.90625
2964,33.46875,-110.84375
2965,33.46875,-110.78125
2966,33.46875,-110.71875
2967,33.46875,-110.65625
2968,33.46875,-110.59375
2969,33.46875,-110.53125
2970,33.46875,-110.46875
2971,33.46875,-110.40625
2972,33.46875,-110.34375
2973,33.46875,-110.28125
2974,33.46875,-110.21875
2975,33.46875,-110.15625
2976,33.46875,-110.09375
2977,33.46875,-110.03125
2978,33.46875,-109.96875
2979,33.46875,-109.90625
2980,33.46875,-109.84375
2981,33.46875,-109.78125
2982,33.46875,-109.71875
2983,33.46875,-109.65625
2984,33.46875,-109.59375
2985,33.46875,-109.53125
2986,33.46875,-109.46875
2987,33.46875,-109.40625
2988,33.46875,-109.34375
2989,33.46875,-109.28125
2990,33.46875,-109.21875
2991,33.46875,-109.15625
2992,33.46875,-109.09375
2993,33.46875,-109.03125
2994,33.46875,-108.96875
2995,33.46875,-108.90625
2996,33.46875,-108.84375
2997,33.46875,-108.78125
2998,33.46875,-108.21875
2999,33.46875,-108.15625
3000,33.46875,-108.09375
3001,33.46875,-108.03125
3002,33.46875,-107.96875
3003,33.46875,-107.90625
3004,33.53125,-114.78125
3005,33.53125,-114.71875
3006,33.53125,-114.65625
3007,33.53125,-114.59375
3008,33.53125,-114.53125
3009,33.53125,-114.46875
3010,33.53125,-114.40625
3011,33.53125,-114.34375
3012,33.53125,-114.28125
3013,33.53125,-114.21875
3014,33.53125,-114.15625
3015,33.53125,-114.09375
3016,33.53125,-114.03125
3017,33.53125,-113.96875
3018,33.53125,-113.90625
3019,33.53125,-113.84375
3020,33.53125,-113.78125
3021,33.53125,-113.71875
3022,33.53125,-113.65625
3023,33.53125,-113.59375
3024,33.53125,-113.53125
3025,33.53125,-113.46875
3026,33.53125,-113.40625
3027,33.53125,-113.34375
3028,33.53125,-113.28125
3029,33.53125,-113.21875
3030,33.53125,-113.15625
3031,33.53125,-113.09375
3032,33.53125,-113.03125
3033,33.53125,-112.96875
3034,33.53125,-112.90625
3035,33.53125,-112.84375
3036,33.53125,-112.78125
3037,33.53125,-112.71875
3038,33.53125,-112.65625
3039,33.53125,-112.59375
3040,33.53125,-112.53125
3041,33.53125,-112.46875
3042,33.53125,-112.40625
3043,33.53125,-112.34375
3044,33.53125,-112.28125
3045,33.53125,-112.21875
3046,33.53125,-112.15625
3047,33.53125,-112.09375
3048,33.53125,-112.03125
3049,33.53125,-111.96875
3050,33.53125,-111.90625
3051,33.53125,-111.84375
3052,33.53125,-111.78125
3053,33.53125,-111.71875
3054,33.53125,-111.65625
3055,33.53125,-111.59375
3056,33.53125,-111.53125
3057,33.53125,-111.46875
3058,33.53125,-111.40625
3059,33.53125,-111.34375
3060,33.53125,-111.28125
3061,33.53125,-111.21875
3062,33.53125,-111.15625
3063,33.53125,-111.09375
3064,33.53125,-111.03125
3065,33.53125,-110.96875
3066,33.53125,-110.90625
3067,33.53125,-110.84375
3068,33.53125,-110.78125
3069,33.53125,-110.71875
3070,33.53125,-110.65625
3071,33.53125,-110.59375
3072,33.53125,-110.53125
3073,33.53125,-110.46875
3074,33.53125,-110.40625
3075,33.53125,-110.34375
3076,33.53125,-110.28125
3077,33.53125,-110.21875
3078,33.53125,-110.15625
3079,33.53125,-110.09375
3080,33.53125,-110.03125
3081,33.53125,-109.96875
3082,33.53125,-109.90625
3083,33.53125,-109.84375
3084,33.53125,-109.78125
3085,33.53125,-109.71875
3086,33.53125,-109.65625
3087,33.53125,-109.59375
3088,33.53125,-109.53125
3089,33.53125,-109.46875
3090,33.53125,-109.40625
3091,33.53125,-109.34375
3092,33.53125,-109.28125
3093,33.53125,-109.21875
3094,33.53125,-109.15625
3095,33.53125,-109.03125
3096,33.53125,-108.96875
3097,33.53125,-108.90625
3098,33.53125,-108.84375
3099,33.53125,-108.78125
3100,33.53125,-108.28125
3101,33.53125,-108.21875
3102,33.53125,-108.15625
3103,33.53125,-108.09375
3104,33.53125,-108.03125
3105,33.53125,-107.96875
3106,33.53125,-107.90625
3107,33.53125,-107.84375
3108,33.59375,-114.78125
3109,33.59375,-114.71875
3110,33.59375,-114.65625
3111,33.59375,-114.59375
3112,33.59375,-114.53125
3113,33.59375,-114.46875
3114,33.59375,-114.40625
3115,33.59375,-114.34375
3116,33.59375,-114.28125
3117,33.59375,-114.21875
3118,33.59375,-114.15625
3119,33.59375,-114.09375
3120,33.59375,-114.03125
3121,33.59375,-113.96875
3122,33.59375,-113.90625
3123,33.59375,-113.84375
3124,33.59375,-113.78125
3125,33.59375,-113.71875
3126,33.59375,-113.65625
3127,33.59375,-113.59375
3128,33.59375,-113.53125
3129,33.59375,-113.46875
3130,33.59375,-113.40625
3131,33.59375,-113.34375
3132,33.59375,-113.28125
3133,33.59375,-113.21875
3134,33.59375,-113.15625
3135,33.59375,-113.09375
3136,33.59375,-113.03125
3137,33.59375,-112.96875
3138,33.59375,-112.90625
3139,33.59375,-112.84375
3140,33.59375,-112.78125
3141,33.59375,-112.71875
3142,33.59375,-112.65625
3143,33.59375,-112.59375
3144,33.59375,-112.53125
3145,33.59375,-112.46875
3146,33.59375,-112.40625
3147,33.59375,-112.34375
3148,33.59375,-112.28125
3149,33.59375,-112.21875
3150,33.59375,-112.15625
3151,33.59375,-112.09375
3152,33.59375,-112.03125
3153,33.59375,-111.96875
3154,33.59375,-111.90625
3155,33.59375,-111.84375
3156,33.59375,-111.78125
3157,33.59375,-111.71875
3158,33.59375,-111.65625
3159,33.59375,-111.59375
3160,33.59375,-111.53125
3161,33.59375,-111.46875
3162,33.59375,-111.40625
3163,33.59375,-111.34375
3164,33.59375,-111.28125
3165,33.59375,-111.21875
3166,33.59375,-111.15625
3167,33.59375,-111.09375
3168,33.59375,-111.03125
3169,33.59375,-110.96875
3170,33.59375,-110.90625
3171,33.59375,-110.84375
3172,33.59375,-110.78125
3173,33.59375,-110.71875
3174,33.59375,-110.65625
3175,33.59375,-110.59375
3176,33.59375,-110.53125
3177,33.59375,-110.46875
3178,33.59375,-110.40625
3179,33.59375,-110.34375
3180,33.59375,-110.28125
3181,33.59375,-110.21875
3182,33.59375,-110.15625
3183,33.59375,-110.09375
3184,33.59375,-110.03125
3185,33.59375,-109.96875
3186,33.59375,-109.90625
3187,33.59375,-109.84375
3188,33.59375,-109.78125
3189,33.59375,-109.71875
3190,33.59375,-109.65625
3191,33.59375,-109.59375
3192,33.59375,-109.53125
3193,33.59375,-109.21875
3194,33.59375,-109.15625
3195,33.59375,-109.09375
3196,33.59375,-109.03125
3197,33.59375,-108.96875
3198,33.59375,-108.90625
3199,33.59375,-108.84375
3200,33.59375,-108.78125
3201,33.59375,-108.71875
3202,33.59375,-108.65625
3203,33.59375,-108.59375
3204,33.59375,-108.28125
3205,33.59375,-108.21875
3206,33.59375,-108.15625
3207,33.59375,-108.09375
3208,33.59375,-108.03125
3209,33.59375,-107.96875
3210,33.59375,-107.90625
3211,33.59375,-107.84375
3212,33.65625,-114.78125
3213,33.65625,-114.71875
3214,33.65625,-114.65625
3215,33.65625,-114.59375
3216,33.65625,-114.53125
3217,33.65625,-114.46875
3218,33.65625,-114.40625
3219,33.65625,-114.34375
3220,33.65625,-114.28125
3221,33.65625,-114.21875
3222,33.65625,-114.15625
3223,33.65625,-114.09375
3224,33.65625,-114.03125
3225,33.65625,-113.96875
3226,33.65625,-113.90625
3227,33.65625,-113.84375
3228,33.65625,-113.78125
3229,33.65625,-113.71875
3230,33.65625,-113.65625
3231,33.65625,-113.59375
3232,33.65625,-113.53125
3233,33.65625,-113.46875
3234,33.65625,-113.40625
3235,33.65625,-113.34375
3236,33.65625,-113.28125
3237,33.65625,-113.21875
3238,33.65625,-113.15625
3239,33.65625,-113.09375
3240,33.65625,-113.03125
3241,33.65625,-112.96875
3242,33.65625,-112.90625
3243,33.65625,-112.84375
3244,33.65625,-112.78125
3245,33.65625,-112.71875
3246,33.65625,-112.65625
3247,33.65625,-112.59375
3248,33.65625,-112.53125
3249,33.65625,-112.46875
3250,33.65625,-112.40625
3251,33.65625,-112.34375
3252,33.65625,-112.28125
3253,33.65625,-112.21875
3254,33.65625,-112.15625
3255,33.65625,-112.09375
3256,33.65625,-112.03125
3257,33.65625,-111.96875
3258,33.65625,-111.90625
3259,33.65625,-111.84375
3260,33.65625,-111.78125
3261,33.65625,-111.71875
3262,33.65625,-111.65625
3263,33.65625,-111.59375
3264,33.65625,-111.53125
3265,33.65625,-111.46875
3266,33.65625,-111.40625
3267,33.65625,-111.34375
3268,33.65625,-111.28125
3269,33.65625,-111.21875
3270,33.65625,-111.15625
3271,33.65625,-111.09375
3272,33.65625,-111.03125
3273,33.65625,-110.96875
3274,33.65625,-110.90625
3275,33.65625,-110.84375
3276,33.65625,-110.78125
3277,33.65625,-110.71875
3278,33.65625,-110.65625
3279,33.65625,-110.59375
3280,33.65625,-110.53125
3281,33.65625,-110.46875
3282,33.65625,-110.40625
3283,33.65625,-110.34375
3284,33.65625,-110.28125
3285,33.65625,-110.21875
3286,33.65625,-110.15625
3287,33.65625,-110.09375
3288,33.65625,-110.03125
3289,33.65625,-109.96875
3290,33.65625,-109.90625
3291,33.65625,-109.84375
3292,33.65625,-109.78125
3293,33.65625,-109.71875
3294,33.65625,-109.53125
3295,33.65625,-109.15625
3296,33.65625,-109.09375
3297,33.65625,-109.03125
3298,33.65625,-108.96875
3299,33.65625,-108.90625
3300,33.65625,-108.84375
3301,33.65625,-108.78125
3302,33.65625,-108.71875
3303,33.65625,-108.65625
3304,33.65625,-108.46875
3305,33.65625,-108.21875
3306,33.65625,-108.15625
3307,33.65625,-108.09375
3308,33.65625,-108.03125
3309,33.65625,-107.96875
3310,33.65625,-107.90625
3311,33.65625,-107.84375
3312,33.71875,-114.84375
3313,33.71875,-114.78125
3314,33.71875,-114.71875
3315,33.71875,-114.65625
3316,33.71875,-114.59375
3317,33.71875,-114.53125
3318,33.71875,-114.46875
3319,33.71875,-114.40625
3320,33.71875,-114.34375
3321,33.71875,-114.28125
3322,33.71875,-114.21875
3323,33.71875,-114.15625
3324,33.71875,-114.09375
3325,33.71875,-114.03125
3326,33.71875,-113.96875
3327,33.71875,-113.90625
3328,33.71875,-113.84375
3329,33.71875,-113.78125
3330,33.71875,-113.71875
3331,33.71875,-113.65625
3332,33.71875,-113.59375
3333,33.71875,-113.53125
3334,33.71875,-113.46875
3335,33.71875,-113.40625
3336,33.71875,-113.34375
3337,33.71875,-113.28125
3338,33.71875,-113.21875
3339,33.71875,-113.15625
3340,33.71875,-113.09375
3341,33.71875,-113.03125
3342,33.71875,-112.96875
3343,33.71875,-112.90625
3344,33.71875,-112.84375
3345,33.71875,-112.78125
3346,33.71875,-112.71875
3347,33.71875,-112.65625
3348,33.71875,-112.59375
3349,33.71875,-112.53125
3350,33.71875,-112.46875
3351,33.71875,-112.40625
3352,33.71875,-112.34375
3353,33.71875,-112.28125
3354,33.71875,-112.21875
3355,33.71875,-112.15625
3356,33.71875,-112.09375
3357,33.71875,-112.03125
3358,33.71875,-111.96875
3359,33.71875,-111.90625
3360,33.71875,-111.84375
3361,33.71875,-111.78125
3362,33.71875,-111.71875
3363,33.71875,-111.65625
3364,33.71875,-111.59375
3365,33.71875,-111.53125
3366,33.71875,-111.46875
3367,33.71875,-111.40625
3368,33.71875,-111.34375
3369,33.71875,-111.28125
3370,33.71875,-111.21875
3371,33.71875,-111.15625
3372,33.71875,-111.09375
3373,33.71875,-111.03125
3374,33.71875,-110.96875
3375,33.71875,-110.90625
3376,33.71875,-110.84375
3377,33.71875,-110.78125
3378,33.71875,-110.71875
3379,33.71875,-110.65625
3380,33.71875,-110.59375
3381,33.71875,-110.53125
3382,33.71875,-110.46875
3383,33.71875,-110.40625
3384,33.71875,-110.34375
3385,33.71875,-110.28125
3386,33.71875,-110.21875
3387,33.71875,-110.15625
3388,33.71875,-110.09375
3389,33.71875,-110.03125
3390,33.71875,-109.96875
3391,33.71875,-109.90625
3392,33.71875,-109.84375
3393,33.71875,-109.78125
3394,33.71875,-109.09375
3395,33.71875,-109.03125
3396,33.71875,-108.90625
3397,33.71875,-108.84375
3398,33.71875,-108.78125
3399,33.71875,-108.71875
3400,33.71875,-108.65625
3401,33.71875,-107.96875
3402,33.71875,-107.84375
3403,33.78125,-114.90625
3404,33.78125,-114.84375
3405,33.78125,-114.78125
3406,33.78125,-114.71875
3407,33.78125,-114.65625
3408,33.78125,-114.59375
3409,33.78125,-114.53125
3410,33.78125,-114.46875
3411,33.78125,-114.40625
3412,33.78125,-114.34375
3413,33.78125,-114.28125
3414,33.78125,-114.21875
3415,33.78125,-114.15625
3416,33.78125,-114.09375
3417,33.78125,-114.03125
3418,33.78125,-113.96875
3419,33.78125,-113.90625
3420,33.78125,-113.84375
3421,33.78125,-113.78125
3422,33.78125,-113.71875
3423,33.78125,-113.65625
3424,33.78125,-113.59375
3425,33.78125,-113.53125
3426,33.78125,-113.46875
3427,33.78125,-113.40625
3428,33.78125,-113.34375
3429,33.78125,-113.28125
3430,33.78125,-113.21875
3431,33.78125,-113.15625
3432,33.78125,-113.09375
3433,33.78125,-113.03125
3434,33.78125,-112.96875
3435,33.78125,-112.90625
3436,33.78125,-112.84375
3437,33.78125,-112.78125
3438,33.78125,-112.71875
3439,33.78125,-112.65625
3440,33.78125,-112.59375
3441,33.78125,-112.53125
3442,33.78125,-112.46875
3443,33.78125,-112.40625
3444,33.78125,-112.34375
3445,33.78125,-112.28125
3446,33.78125,-112.21875
3447,33.78125,-112.15625
3448,33.78125,-112.09375
3449,33.78125,-112.03125
3450,33.78125,-111.96875
3451,33.78125,-111.90625
3452,33.78125,-111.84375
3453,33.78125,-111.78125
3454,33.78125,-111.71875
3455,33.78125,-111.65625
3456,33.78125,-111.59375
3457,33.78125,-111.53125
3458,33.78125,-111.46875
3459,33.78125,-111.40625
3460,33.78125,-111.34375
3461,33.78125,-111.28125
3462,33.78125,-111.21875
3463,33.78125,-111.15625
3464,33.78125,-111.09375
3465,33.78125,-111.03125
3466,33.78125,-110.96875
3467,33.78125,-110.90625
3468,33.78125,-110.84375
3469,33.78125,-110.78125
3470,33.78125,-110.71875
3471,33.78125,-110.65625
3472,33.78125,-110.59375
3473,33.78125,-110.53125
3474,33.78125,-110.46875
3475,33.78125,-110.40625
3476,33.78125,-110.34375
3477,33.78125,-110.28125
3478,33.78125,-110.21875
3479,33.78125,-110.15625
3480,33.78125,-110.09375
3481,33.78125,-110.03125
3482,33.78125,-109.96875
3483,33.78125,-109.90625
3484,33.78125,-109.84375
3485,33.78125,-109.09375
3486,33.78125,-109.03125
3487,33.78125,-108.96875
3488,33.78125,-108.84375
3489,33.78125,-108.78125
3490,33.78125,-108.71875
3491,33.78125,-108.65625
3492,33.78125,-108.59375
3493,33.78125,-108.53125
3494,33.84375,-114.84375
3495,33.84375,-114.78125
3496,33.84375,-114.71875
3497,33.84375,-114.65625
3498,33.84375,-114.59375
3499,33.84375,-114.53125
3500,33.84375,-114.46875
3501,33.84375,-114.40625
3502,33.84375,-114.34375
3503,33.84375,-114.28125
3504,33.84375,-114.21875
3505,33.84375,-114.15625
3506,33.84375,-114.09375
3507,33.84375,-114.03125
3508,33.84375,-113.96875
3509,33.84375,-113.90625
3510,33.84375,-113.84375
3511,33.84375,-113.78125
3512,33.84375,-113.71875
3513,33.84375,-113.65625
3514,33.84375,-113.59375
3515,33.84375,-113.53125
3516,33.84375,-113.46875
3517,33.84375,-113.40625
3518,33.84375,-113.34375
3519,33.84375,-113.28125
3520,33.84375,-113.21875
3521,33.84375,-113.15625
3522,33.84375,-113.09375
3523,33.84375,-113.03125
3524,33.84375,-112.96875
3525,33.84375,-112.90625
3526,33.84375,-112.84375
3527,33.84375,-112.78125
3528,33.84375,-112.71875
3529,33.84375,-112.65625
3530,33.84375,-112.59375
3531,33.84375,-112.53125
3532,33.84375,-112.46875
3533,33.84375,-112.40625
3534,33.84375,-112.34375
3535,33.84375,-112.28125
3536,33.84375,-112.21875
3537,33.84375,-112.15625
3538,33.84375,-112.09375
3539,33.84375,-112.03125
3540,33.84375,-111.96875
3541,33.84375,-111.90625
3542,33.84375,-111.84375
3543,33.84375,-111.78125
3544,33.84375,-111.71875
3545,33.84375,-111.65625
3546,33.84375,-111.59375
3547,33.84375,-111.53125
3548,33.84375,-111.46875
3549,33.84375,-111.40625
3550,33.84375,-111.34375
3551,33.84375,-111.28125
3552,33.84375,-111.21875
3553,33.84375,-111.15625
3554,33.84375,-111.09375
3555,33.84375,-111.03125
3556,33.84375,-110.96875
3557,33.84375,-110.90625
3558,33.84375,-110.84375
3559,33.84375,-110.78125
3560,33.84375,-110.71875
3561,33.84375,-110.65625
3562,33.84375,-110.59375
3563,33.84375,-110.53125
3564,33.84375,-110.46875
3565,33.84375,-110.40625
3566,33.84375,-110.34375
3567,33.84375,-110.28125
3568,33.84375,-110.21875
3569,33.84375,-110.15625
3570,33.84375,-110.09375
3571,33.84375,-110.03125
3572,33.84375,-109.96875
3573,33.84375,-109.90625
3574,33.84375,-109.84375
3575,33.84375,-109.03125
3576,33.84375,-108.96875
3577,33.84375,-108.90625
3578,33.84375,-108.84375
3579,33.84375,-108.78125
3580,33.84375,-108.71875
3581,33.84375,-108.65625
3582,33.84375,-108.59375
3583,33.84375,-108.53125
3584,33.90625,-114.59375
3585,33.90625,-114.53125
3586,33.90625,-114.46875
3587,33.90625,-114.40625
3588,33.90625,-114.34375
3589,33.90625,-114.28125
3590,33.90625,-114.21875
3591,33.90625,-114.15625
3592,33.90625,-114.09375
3593,33.90625,-114.03125
3594,33.90625,-113.96875
3595,33.90625,-113.90625
3596,33.90625,-113.84375
3597,33.90625,-113.78125
3598,33.90625,-113.71875
3599,33.90625,-113.65625
3600,33.90625,-113.59375
3601,33.90625,-113.53125
3602,33.90625,-113.46875
3603,33.90625,-113.40625
3604,33.90625,-113.34375
3605,33.90625,-113.28125
3606,33.90625,-113.21875
3607,33.90625,-113.15625
3608,33.90625,-113.09375
3609,33.90625,-113.03125
3610,33.90625,-112.96875
3611,33.90625,-112.90625
3612,33.90625,-112.84375
3613,33.90625,-112.78125
3614,33.90625,-112.71875
3615,33.90625,-112.65625
3616,33.90625,-112.59375
3617,33.90625,-112.53125
3618,33.90625,-112.46875
3619,33.90625,-112.40625
3620,33.90625,-112.34375
3621,33.90625,-112.28125
3622,33.90625,-112.21875
3623,33.90625,-112.15625
3624,33.90625,-112.09375
3625,33.90625,-112.03125
3626,33.90625,-111.96875
3627,33.90625,-111.90625
3628,33.90625,-111.84375
3629,33.90625,-111.78125
3630,33.90625,-111.71875
3631,33.90625,-111.65625
3632,33.90625,-111.59375
3633,33.90625,-111.53125
3634,33.90625,-111.46875
3635,33.90625,-111.40625
3636,33.90625,-111.34375
3637,33.90625,-111.28125
3638,33.90625,-111.21875
3639,33.90625,-111.15625
3640,33.90625,-111.09375
3641,33.90625,-111.03125
3642,33.90625,-110.96875
3643,33.90625,-110.90625
3644,33.90625,-110.84375
3645,33.90625,-110.78125
3646,33.90625,-110.71875
3647,33.90625,-110.65625
3648,33.90625,-110.59375
3649,33.90625,-110.53125
3650,33.90625,-110.46875
3651,33.90625,-110.40625
3652,33.90625,-110.34375
3653,33.90625,-110.28125
3654,33.90625,-110.21875
3655,33.90625,-110.15625
3656,33.90625,-110.09375
3657,33.90625,-110.03125
3658,33.90625,-109.96875
3659,33.90625,-109.90625
3660,33.90625,-108.96875
3661,33.90625,-108.90625
3662,33.90625,-108.84375
3663,33.90625,-108.71875
3664,33.90625,-108.65625
3665,33.90625,-108.59375
3666,33.90625,-108.53125
3667,33.90625,-108.46875
3668,33.96875,-114.59375
3669,33.96875,-114.53125
3670,33.96875,-114.46875
3671,33.96875,-114.40625
3672,33.96875,-114.34375
3673,33.96875,-114.28125
3674,33.96875,-114.21875
3675,33.96875,-114.15625
3676,33.96875,-114.09375
3677,33.96875,-114.03125
3678,33.96875,-113.96875
3679,33.96875,-113.90625
3680,33.96875,-113.84375
3681,33.96875,-113.78125
3682,33.96875,-113.71875
3683,33.96875,-113.65625
3684,33.96875,-113.59375
3685,33.96875,-113.53125
3686,33.96875,-113.46875
3687,33.96875,-113.40625
3688,33.96875,-113.34375
3689,33.96875,-113.28125
3690,33.96875,-113.21875
3691,33.96875,-113.15625
3692,33.96875,-113.09375
3693,33.96875,-113.03125
3694,33.96875,-112.96875
3695,33.96875,-112.90625
3696,33.96875,-112.84375
3697,33.96875,-112.78125
3698,33.96875,-112.71875
3699,33.96875,-112.65625
3700,33.96875,-112.59375
3701,33.96875,-112.53125
3702,33.96875,-112.46875
3703,33.96875,-112.40625
3704,33.96875,-112.34375
3705,33.96875,-112.28125
3706,33.96875,-112.21875
3707,33.96875,-112.15625
3708,33.96875,-112.09375
3709,33.96875,-112.03125
3710,33.96875,-111.96875
3711,33.96875,-111.90625
3712,33.96875,-111.84375
3713,33.96875,-111.78125
3714,33.96875,-111.71875
3715,33.96875,-111.65625
3716,33.96875,-111.59375
3717,33.96875,-111.53125
3718,33.96875,-111.46875
3719,33.96875,-111.40625
3720,33.96875,-111.34375
3721,33.96875,-111.28125
3722,33.96875,-111.21875
3723,33.96875,-111.15625
3724,33.96875,-111.09375
3725,33.96875,-111.03125
3726,33.96875,-110.96875
3727,33.96875,-110.90625
3728,33.96875,-110.84375
3729,33.96875,-110.78125
3730,33.96875,-110.71875
3731,33.96875,-110.65625
3732,33.96875,-110.59375
3733,33.96875,-110.53125
3734,33.96875,-110.46875
3735,33.96875,-110.40625
3736,33.96875,-110.34375
3737,33.96875,-110.28125
3738,33.96875,-110.21875
3739,33.96875,-110.15625
3740,33.96875,-110.09375
3741,33.96875,-110.03125
3742,33.96875,-109.96875
3743,33.96875,-109.90625
3744,33.96875,-109.21875
3745,33.96875,-108.90625
3746,33.96875,-108.84375
3747,33.96875,-108.78125
3748,33.96875,-108.71875
3749,33.96875,-108.65625
3750,33.96875,-108.59375
3751,33.96875,-108.53125
3752,33.96875,-108.46875
3753,34.03125,-114.59375
3754,34.03125,-114.53125
3755,34.03125,-114.46875
3756,34.03125,-114.40625
3757,34.03125,-114.34375
3758,34.03125,-114.28125
3759,34.03125,-114.21875
3760,34.03125,-114.15625
3761,34.03125,-114.09375
3762,34.03125,-114.03125
3763,34.03125,-113.96875
3764,34.03125,-113.90625
3765,34.03125,-113.84375
3766,34.03125,-113.78125
3767,34.03125,-113.71875
3768,34.03125,-113.65625
3769,34.03125,-113.59375
3770,34.03125,-113.53125
3771,34.03125,-113.46875
3772,34.03125,-113.40625
3773,34.03125,-113.34375
3774,34.03125,-113.28125
3775,34.03125,-113.21875
3776,34.03125,-113.15625
3777,34.03125,-113.09375
3778,34.03125,-113.03125
3779,34.03125,-112.96875
3780,34.03125,-112.90625
3781,34.03125,-112.84375
3782,34.03125,-112.78125
3783,34.03125,-112.71875
3784,34.03125,-112.65625
3785,34.03125,-112.59375
3786,34.03125,-112.53125
3787,34.03125,-112.46875
3788,34.03125,-112.40625
3789,34.03125,-112.34375
3790,34.03125,-112.28125
3791,34.03125,-112.21875
3792,34.03125,-112.15625
3793,34.03125,-112.09375
3794,34.03125,-112.03125
3795,34.03125,-111.96875
3796,34.03125,-111.90625
3797,34.03125,-111.84375
3798,34.03125,-111.78125
3799,34.03125,-111.71875
3800,34.03125,-111.65625
3801,34.03125,-111.59375
3802,34.03125,-111.53125
3803,34.03125,-111.46875
3804,34.03125,-111.40625
3805,34.03125,-111.34375
3806,34.03125,-111.28125
3807,34.03125,-111.21875
3808,34.03125,-111.15625
3809,34.03125,-111.09375
3810,34.03125,-111.03125
3811,34.03125,-110.96875
3812,34.03125,-110.90625
3813,34.03125,-110.84375
3814,34.03125,-110.78125
3815,34.03125,-110.71875
3816,34.03125,-110.65625
3817,34.03125,-110.59375
3818,34.03125,-110.53125
3819,34.03125,-110.46875
3820,34.03125,-110.40625
3821,34.03125,-110.34375
3822,34.03125,-110.28125
3823,34.03125,-110.21875
3824,34.03125,-110.15625
3825,34.03125,-110.09375
3826,34.03125,-110.03125
3827,34.03125,-109.96875
3828,34.03125,-109.90625
3829,34.03125,-109.84375
3830,34.03125,-109.28125
3831,34.03125,-109.21875
3832,34.03125,-109.15625
3833,34.03125,-108.78125
3834,34.03125,-108.71875
3835,34.03125,-108.65625
3836,34.03125,-108.59375
3837,34.03125,-108.53125
3838,34.03125,-108.46875
3839,34.09375,-114.65625
3840,34.09375,-114.59375
3841,34.09375,-114.53125
3842,34.09375,-114.46875
3843,34.09375,-114.40625
3844,34.09375,-114.34375
3845,34.09375,-114.28125
3846,34.09375,-114.21875
3847,34.09375,-114.15625
3848,34.09375,-114.09375
3849,34.09375,-114.03125
3850,34.09375,-113.96875
3851,34.09375,-113.90625
3852,34.09375,-113.84375
3853,34.09375,-113.78125
3854,34.09375,-113.71875
3855,34.09375,-113.65625
3856,34.09375,-113.59375
3857,34.09375,-113.53125
3858,34.09375,-113.46875
3859,34.09375,-113.40625
3860,34.09375,-113.34375
3861,34.09375,-113.28125
3862,34.09375,-113.21875
3863,34.09375,-113.15625
3864,34.09375,-113.09375
3865,34.09375,-113.03125
3866,34.09375,-112.96875
3867,34.09375,-112.90625
3868,34.09375,-112.84375
3869,34.09375,-112.78125
3870,34.09375,-112.71875
3871,34.09375,-112.65625
3872,34.09375,-112.59375
3873,34.09375,-112.53125
3874,34.09375,-112.46875
3875,34.09375,-112.40625
3876,34.09375,-112.34375
3877,34.09375,-112.28125
3878,34.09375,-112.21875
3879,34.09375,-112.15625
3880,34.09375,-112.09375
3881,34.09375,-112.03125
3882,34.09375,-111.96875
3883,34.09375,-111.90625
3884,34.09375,-111.84375
3885,34.09375,-111.78125
3886,34.09375,-111.71875
3887,34.09375,-111.65625
3888,34.09375,-111.59375
3889,34.09375,-111.53125
3890,34.09375,-111.46875
3891,34.09375,-111.40625
3892,34.09375,-111.34375
3893,34.09375,-111.28125
3894,34.09375,-111.21875
3895,34.09375,-111.15625
3896,34.09375,-111.09375
3897,34.09375,-111.03125
3898,34.09375,-110.96875
3899,34.09375,-110.90625
3900,34.09375,-110.84375
3901,34.09375,-110.78125
3902,34.09375,-110.71875
3903,34.09375,-110.65625
3904,34.09375,-110.59375
3905,34.09375,-110.53125
3906,34.09375,-110.46875
3907,34.09375,-110.40625
3908,34.09375,-110.34375
3909,34.09375,-110.28125
3910,34.09375,-110.21875
3911,34.09375,-110.15625
3912,34.09375,-110.09375
3913,34.09375,-110.03125
3914,34.09375,-109.96875
3915,34.09375,-109.90625
3916,34.09375,-109.46875
3917,34.09375,-109.40625
3918,34.09375,-109.34375
3919,34.09375,-109.28125
3920,34.09375,-109.21875
3921,34.09375,-109.15625
3922,34.09375,-109.09375
3923,34.09375,-109.03125
3924,34.09375,-108.96875
3925,34.09375,-108.90625
3926,34.09375,-108.84375
3927,34.09375,-108.78125
3928,34.09375,-108.59375
3929,34.09375,-108.53125
3930,34.09375,-108.46875
3931,34.09375,-108.40625
3932,34.09375,-108.34375
3933,34.09375,-108.28125
3934,34.15625,-114.71875
3935,34.15625,-114.65625
3936,34.15625,-114.59375
3937,34.15625,-114.53125
3938,34.15625,-114.46875
3939,34.15625,-114.40625
3940,34.15625,-114.34375
3941,34.15625,-114.28125
3942,34.15625,-114.21875
3943,34.15625,-114.15625
3944,34.15625,-114.09375
3945,34.15625,-114.03125
3946,34.15625,-113.96875
3947,34.15625,-113.90625
3948,34.15625,-113.84375
3949,34.15625,-113.78125
3950,34.15625,-113.71875
3951,34.15625,-113.65625
3952,34.15625,-113.59375
3953,34.15625,-113.53125
3954,34.15625,-113.46875
3955,34.15625,-113.40625
3956,34.15625,-113.34375
3957,34.15625,-113.28125
3958,34.15625,-113.21875
3959,34.15625,-113.15625
3960,34.15625,-113.09375
3961,34.15625,-113.03125
3962,34.15625,-112.96875
3963,34.15625,-112.90625
3964,34.15625,-112.84375
3965,34.15625,-112.78125
3966,34.15625,-112.71875
3967,34.15625,-112.65625
3968,34.15625,-112.59375
3969,34.15625,-112.53125
3970,34.15625,-112.46875
3971,34.15625,-112.40625
3972,34.15625,-112.34375
3973,34.15625,-112.28125
3974,34.15625,-112.21875
3975,34.15625,-112.15625
3976,34.15625,-112.09375
3977,34.15625,-112.03125
3978,34.15625,-111.96875
3979,34.15625,-111.90625
3980,34.15625,-111.84375
3981,34.15625,-111.78125
3982,34.15625,-111.71875
3983,34.15625,-111.65625
3984,34.15625,-111.59375
3985,34.15625,-111.53125
3986,34.15625,-111.46875
3987,34.15625,-111.40625
3988,34.15625,-111.34375
3989,34.15625,-111.28125
3990,34.15625,-111.21875
3991,34.15625,-111.15625
3992,34.15625,-111.09375
3993,34.15625,-111.03125
3994,34.15625,-110.96875
3995,34.15625,-110.90625
3996,34.15625,-110.84375
3997,34.15625,-110.78125
3998,34.15625,-110.71875
3999,34.15625,-110.59375
4000,34.15625,-110.53125
4001,34.15625,-110.46875
4002,34.15625,-110.40625
4003,34.15625,-110.34375
4004,34.15625,-110.28125
4005,34.15625,-110.21875
4006,34.15625,-110.15625
4007,34.15625,-110.09375
4008,34.15625,-110.03125
4009,34.15625,-109.96875
4010,34.15625,-109.90625
4011,34.15625,-109.46875
4012,34.15625,-109.40625
4013,34.15625,-109.34375
4014,34.15625,-109.28125
4015,34.15625,-109.21875
4016,34.15625,-109.15625
4017,34.15625,-109.09375
4018,34.15625,-109.03125
4019,34.15625,-108.96875
4020,34.15625,-108.90625
4021,34.15625,-108.84375
4022,34.15625,-108.78125
4023,34.15625,-108.71875
4024,34.15625,-108.65625
4025,34.15625,-108.59375
4026,34.15625,-108.53125
4027,34.15625,-108.46875
4028,34.15625,-108.40625
4029,34.15625,-108.34375
4030,34.15625,-108.28125
4031,34.15625,-108.21875
4032,34.21875,-114.78125
4033,34.21875,-114.71875
4034,34.21875,-114.65625
4035,34.21875,-114.59375
4036,34.21875,-114.53125
4037,34.21875,-114.46875
4038,34.21875,-114.40625
4039,34.21875,-114.34375
4040,34.21875,-114.28125
4041,34.21875,-114.21875
4042,34.21875,-114.15625
4043,34.21875,-114.09375
4044,34.21875,-114.03125
4045,34.21875,-113.96875
4046,34.21875,-113.90625
4047,34.21875,-113.84375
4048,34.21875,-113.78125
4049,34.21875,-113.71875
4050,34.21875,-113.65625
4051,34.21875,-113.59375
4052,34.21875,-113.53125
4053,34.21875,-113.46875
4054,34.21875,-113.40625
4055,34.21875,-113.34375
4056,34.21875,-113.28125
4057,34.21875,-113.21875
4058,34.21875,-113.15625
4059,34.21875,-113.09375
4060,34.21875,-113.03125
4061,34.21875,-112.96875
4062,34.21875,-112.90625
4063,34.21875,-112.84375
4064,34.21875,-112.78125
4065,34.21875,-112.71875
4066,34.21875,-112.65625
4067,34.21875,-112.59375
4068,34.21875,-112.53125
4069,34.21875,-112.46875
4070,34.21875,-112.40625
4071,34.21875,-112.34375
4072,34.21875,-112.28125
4073,34.21875,-112.21875
4074,34.21875,-112.15625
4075,34.21875,-112.09375
4076,34.21875,-112.03125
4077,34.21875,-111.96875
4078,34.21875,-111.90625
4079,34.21875,-111.84375
4080,34.21875,-111.78125
4081,34.21875,-111.71875
4082,34.21875,-111.65625
4083,34.21875,-111.59375
4084,34.21875,-111.53125
4085,34.21875,-111.46875
4086,34.21875,-111.40625
4087,34.21875,-111.34375
4088,34.21875,-111.28125
4089,34.21875,-111.21875
4090,34.21875,-111.15625
4091,34.21875,-111.09375
4092,34.21875,-111.03125
4093,34.21875,-110.96875
4094,34.21875,-110.90625
4095,34.21875,-110.53125
4096,34.21875,-110.46875
4097,34.21875,-110.40625
4098,34.21875,-110.34375
4099,34.21875,-110.21875
4100,34.21875,-110.15625
4101,34.21875,-110.09375
4102,34.21875,-110.03125
4103,34.21875,-109.96875
4104,34.21875,-109.90625
4105,34.21875,-109.71875
4106,34.21875,-109.59375
4107,34.21875,-109.53125
4108,34.21875,-109.46875
4109,34.21875,-109.40625
4110,34.21875,-109.34375
4111,34.21875,-109.28125
4112,34.21875,-109.21875
4113,34.21875,-109.15625
4114,34.21875,-109.09375
4115,34.21875,-109.03125
4116,34.21875,-108.96875
4117,34.21875,-108.90625
4118,34.21875,-108.84375
4119,34.21875,-108.78125
4120,34.21875,-108.71875
4121,34.21875,-108.65625
4122,34.21875,-108.59375
4123,34.21875,-108.53125
4124,34.21875,-108.46875
4125,34.21875,-108.40625
4126,34.21875,-108.34375
4127,34.21875,-108.28125
4128,34.21875,-108.21875
4129,34.28125,-114.78125
4130,34.28125,-114.71875
4131,34.28125,-114.65625
4132,34.28125,-114.59375
4133,34.28125,-114.53125
4134,34.28125,-114.46875
4135,34.28125,-114.40625
4136,34.28125,-114.34375
4137,34.28125,-114.28125
4138,34.28125,-114.21875
4139,34.28125,-114.15625
4140,34.28125,-114.09375
4141,34.28125,-114.03125
4142,34.28125,-113.96875
4143,34.28125,-113.90625
4144,34.28125,-113.84375
4145,34.28125,-113.78125
4146,34.28125,-113.71875
4147,34.28125,-113.65625
4148,34.28125,-113.59375
4149,34.28125,-113.53125
4150,34.28125,-113.46875
4151,34.28125,-113.40625
4152,34.28125,-113.34375
4153,34.28125,-113.28125
4154,34.28125,-113.21875
4155,34.28125,-113.15625
4156,34.28125,-113.09375
4157,34.28125,-113.03125
4158,34.28125,-112.96875
4159,34.28125,-112.90625
4160,34.28125,-112.84375
4161,34.28125,-112.78125
4162,34.28125,-112.71875
4163,34.28125,-112.65625
4164,34.28125,-112.59375
4165,34.28125,-112.53125
4166,34.28125,-112.46875
4167,34.28125,-112.40625
4168,34.28125,-112.34375
4169,34.28125,-112.28125
4170,34.28125,-112.21875
4171,34.28125,-112.15625
4172,34.28125,-112.09375
4173,34.28125,-112.03125
4174,34.28125,-111.96875
4175,34.28125,-111.90625
4176,34.28125,-111.84375
4177,34.28125,-111.78125
4178,34.28125,-111.71875
4179,34.28125,-111.65625
4180,34.28125,-111.59375
4181,34.28125,-111.53125
4182,34.28125,-111.46875
4183,34.28125,-111.40625
4184,34.28125,-111.34375
4185,34.28125,-111.28125
4186,34.28125,-111.21875
4187,34.28125,-111.15625
4188,34.28125,-111.09375
4189,34.28125,-111.03125
4190,34.28125,-110.96875
4191,34.28125,-110.53125
4192,34.28125,-110.46875
4193,34.28125,-110.34375
4194,34.28125,-110.28125
4195,34.28125,-110.21875
4196,34.28125,-110.15625
4197,34.28125,-110.09375
4198,34.28125,-110.03125
4199,34.28125,-109.96875
4200,34.28125,-109.90625
4201,34.28125,-109.84375
4202,34.28125,-109.78125
4203,34.28125,-109.71875
4204,34.28125,-109.65625
4205,34.28125,-109.59375
4206,34.28125,-109.53125
4207,34.28125,-109.46875
4208,34.28125,-109.40625
4209,34.28125,-109.34375
4210,34.28125,-109.28125
4211,34.28125,-109.21875
4212,34.28125,-109.15625
4213,34.28125,-109.09375
4214,34.28125,-109.03125
4215,34.28125,-108.96875
4216,34.28125,-108.90625
4217,34.28125,-108.84375
4218,34.28125,-108.78125
4219,34.28125,-108.71875
4220,34.28125,-108.65625
4221,34.28125,-108.59375
4222,34.28125,-108.53125
4223,34.28125,-108.46875
4224,34.28125,-108.40625
4225,34.28125,-108.34375
4226,34.28125,-108.28125
4227,34.28125,-108.21875
4228,34.28125,-108.15625
4229,34.34375,-114.84375
4230,34.34375,-114.78125
4231,34.34375,-114.71875
4232,34.34375,-114.65625
4233,34.34375,-114.59375
4234,34.34375,-114.53125
4235,34.34375,-114.46875
4236,34.34375,-114.40625
4237,34.34375,-114.34375
4238,34.34375,-114.28125
4239,34.34375,-114.21875
4240,34.34375,-114.15625
4241,34.34375,-114.09375
4242,34.34375,-114.03125
4243,34.34375,-113.96875
4244,34.34375,-113.90625
4245,34.34375,-113.84375
4246,34.34375,-113.78125
4247,34.34375,-113.71875
4248,34.34375,-113.65625
4249,34.34375,-113.59375
4250,34.34375,-113.53125
4251,34.34375,-113.46875
4252,34.34375,-113.40625
4253,34.34375,-113.34375
4254,34.34375,-113.28125
4255,34.34375,-113.21875
4256,34.34375,-113.15625
4257,34.34375,-113.09375
4258,34.34375,-113.03125
4259,34.34375,-112.96875
4260,34.34375,-112.90625
4261,34.34375,-112.84375
4262,34.34375,-112.78125
4263,34.34375,-112.71875
4264,34.34375,-112.65625
4265,34.34375,-112.59375
4266,34.34375,-112.53125
4267,34.34375,-112.46875
4268,34.34375,-112.40625
4269,34.34375,-112.34375
4270,34.34375,-112.28125
4271,34.34375,-112.21875
4272,34.34375,-112.15625
4273,34.34375,-112.09375
4274,34.34375,-112.03125
4275,34.34375,-111.96875
4276,34.34375,-111.90625
4277,34.34375,-111.84375
4278,34.34375,-111.78125
4279,34.34375,-111.71875
4280,34.34375,-111.65625
4281,34.34375,-111.59375
4282,34.34375,-111.53125
4283,34.34375,-111.46875
4284,34.34375,-111.40625
4285,34.34375,-111.34375
4286,34.34375,-111.28125
4287,34.34375,-111.21875
4288,34.34375,-111.15625
4289,34.34375,-111.09375
4290,34.34375,-110.65625
4291,34.34375,-110.59375
4292,34.34375,-110.53125
4293,34.34375,-110.46875
4294,34.34375,-110.40625
4295,34.34375,-110.34375
4296,34.34375,-110.28125
4297,34.34375,-110.21875
4298,34.34375,-110.15625
4299,34.34375,-110.09375
4300,34.34375,-110.03125
4301,34.34375,-109.96875
4302,34.34375,-109.90625
4303,34.34375,-109.84375
4304,34.34375,-109.78125
4305,34.34375,-109.71875
4306,34.34375,-109.65625
4307,34.34375,-109.59375
4308,34.34375,-109.53125
4309,34.34375,-109.46875
4310,34.34375,-109.40625
4311,34.34375,-109.34375
4312,34.34375,-109.28125
4313,34.34375,-109.21875
4314,34.34375,-109.15625
4315,34.34375,-109.09375
4316,34.34375,-109.03125
4317,34.34375,-108.96875
4318,34.34375,-108.90625
4319,34.34375,-108.84375
4320,34.34375,-108.78125
4321,34.34375,-108.71875
4322,34.34375,-108.65625
4323,34.34375,-108.59375
4324,34.34375,-108.53125
4325,34.34375,-108.46875
4326,34.34375,-108.40625
4327,34.34375,-108.34375
4328,34.34375,-108.28125
4329,34.34375,-108.21875
4330,34.34375,-108.15625
4331,34.34375,-108.09375
4332,34.40625,-114.78125
4333,34.40625,-114.71875
4334,34.40625,-114.65625
4335,34.40625,-114.59375
4336,34.40625,-114.53125
4337,34.40625,-114.46875
4338,34.40625,-114.40625
4339,34.40625,-114.34375
4340,34.40625,-114.28125
4341,34.40625,-114.21875
4342,34.40625,-114.15625
4343,34.40625,-114.09375
4344,34.40625,-114.03125
4345,34.40625,-113.96875
4346,34.40625,-113.90625
4347,34.40625,-113.84375
4348,34.40625,-113.78125
4349,34.40625,-113.71875
4350,34.40625,-113.65625
4351,34.40625,-113.59375
4352,34.40625,-113.53125
4353,34.40625,-113.46875
4354,34.40625,-113.40625
4355,34.40625,-113.34375
4356,34.40625,-113.28125
4357,34.40625,-113.21875
4358,34.40625,-113.15625
4359,34.40625,-113.09375
4360,34.40625,-113.03125
4361,34.40625,-112.96875
4362,34.40625,-112.90625
4363,34.40625,-112.84375
4364,34.40625,-112.78125
4365,34.40625,-112.71875
4366,34.40625,-112.65625
4367,34.40625,-112.59375
4368,34.40625,-112.53125
4369,34.40625,-112.46875
4370,34.40625,-112.40625
4371,34.40625,-112.34375
4372,34.40625,-112.28125
4373,34.40625,-112.21875
4374,34.40625,-112.15625
4375,34.40625,-112.09375
4376,34.40625,-112.03125
4377,34.40625,-111.96875
4378,34.40625,-111.90625
4379,34.40625,-111.84375
4380,34.40625,-111.78125
4381,34.40625,-111.71875
4382,34.40625,-111.65625
4383,34.40625,-111.59375
4384,34.40625,-111.53125
4385,34.40625,-111.46875
4386,34.40625,-111.34375
4387,34.40625,-111.28125
4388,34.40625,-110.65625
4389,34.40625,-110.59375
4390,34.40625,-110.53125
4391,34.40625,-110.46875
4392,34.40625,-110.40625
4393,34.40625,-110.34375
4394,34.40625,-110.28125
4395,34.40625,-110.21875
4396,34.40625,-110.15625
4397,34.40625,-110.09375
4398,34.40625,-110.03125
4399,34.40625,-109.96875
4400,34.40625,-109.90625
4401,34.40625,-109.84375
4402,34.40625,-109.78125
4403,34.40625,-109.71875
4404,34.40625,-109.65625
4405,34.40625,-109.59375
4406,34.40625,-109.53125
4407,34.40625,-109.46875
4408,34.40625,-109.40625
4409,34.40625,-109.34375
4410,34.40625,-109.28125
4411,34.40625,-109.21875
4412,34.40625,-109.15625
4413,34.40625,-109.09375
4414,34.40625,-109.03125
4415,34.40625,-108.96875
4416,34.40625,-108.90625
4417,34.40625,-108.84375
4418,34.40625,-108.78125
4419,34.40625,-108.71875
4420,34.40625,-108.65625
4421,34.40625,-108.59375
4422,34.40625,-108.53125
4423,34.40625,-108.46875
4424,34.40625,-108.40625
4425,34.40625,-108.34375
4426,34.40625,-108.28125
4427,34.40625,-108.21875
4428,34.46875,-114.84375
4429,34.46875,-114.78125
4430,34.46875,-114.71875
4431,34.46875,-114.65625
4432,34.46875,-114.59375
4433,34.46875,-114.53125
4434,34.46875,-114.46875
4435,34.46875,-114.40625
4436,34.46875,-114.34375
4437,34.46875,-114.28125
4438,34.46875,-114.21875
4439,34.46875,-114.15625
4440,34.46875,-114.09375
4441,34.46875,-114.03125
4442,34.46875,-113.96875
4443,34.46875,-113.90625
4444,34.46875,-113.84375
4445,34.46875,-113.78125
4446,34.46875,-113.71875
4447,34.46875,-113.65625
4448,34.46875,-113.59375
4449,34.46875,-113.53125
4450,34.46875,-113.46875
4451,34.46875,-113.40625
4452,34.46875,-113.34375
4453,34.46875,-113.28125
4454,34.46875,-113.21875
4455,34.46875,-113.15625
4456,34.46875,-113.09375
4457,34.46875,-113.03125
4458,34.46875,-112.96875
4459,34.46875,-112.90625
4460,34.46875,-112.84375
4461,34.46875,-112.78125
4462,34.46875,-112.71875
4463,34.46875,-112.65625
4464,34.46875,-112.59375
4465,34.46875,-112.53125
4466,34.46875,-112.46875
4467,34.46875,-112.40625
4468,34.46875,-112.34375
4469,34.46875,-112.28125
4470,34.46875,-112.21875
4471,34.46875,-112.15625
4472,34.46875,-112.09375
4473,34.46875,-112.03125
4474,34.46875,-111.96875
4475,34.46875,-111.90625
4476,34.46875,-111.84375
4477,34.46875,-111.78125
4478,34.46875,-111.71875
4479,34.46875,-111.65625
4480,34.46875,-111.59375
4481,34.46875,-111.53125
4482,34.46875,-110.71875
4483,34.46875,-110.65625
4484,34.46875,-110.59375
4485,34.46875,-110.53125
4486,34.46875,-110.46875
4487,34.46875,-110.40625
4488,34.46875,-110.34375
4489,34.46875,-110.28125
4490,34.46875,-110.21875
4491,34.46875,-110.15625
4492,34.46875,-110.09375
4493,34.46875,-110.03125
4494,34.46875,-109.96875
4495,34.46875,-109.90625
4496,34.46875,-109.84375
4497,34.46875,-109.78125
4498,34.46875,-109.71875
4499,34.46875,-109.65625
4500,34.46875,-109.59375
4501,34.46875,-109.53125
4502,34.46875,-109.46875
4503,34.46875,-109.40625
4504,34.46875,-109.34375
4505,34.46875,-109.28125
4506,34.46875,-109.21875
4507,34.46875,-109.15625
4508,34.46875,-109.09375
4509,34.46875,-109.03125
4510,34.46875,-108.96875
4511,34.46875,-108.90625
4512,34.46875,-108.84375
4513,34.46875,-108.78125
4514,34.46875,-108.71875
4515,34.46875,-108.65625
4516,34.46875,-108.59375
4517,34.46875,-108.53125
4518,34.46875,-108.46875
4519,34.46875,-108.40625
4520,34.46875,-108.34375
4521,34.53125,-114.84375
4522,34.53125,-114.78125
4523,34.53125,-114.71875
4524,34.53125,-114.65625
4525,34.53125,-114.59375
4526,34.53125,-114.53125
4527,34.53125,-114.46875
4528,34.53125,-114.40625
4529,34.53125,-114.34375
4530,34.53125,-114.28125
4531,34.53125,-114.21875
4532,34.53125,-114.15625
4533,34.53125,-114.09375
4534,34.53125,-114.03125
4535,34.53125,-113.96875
4536,34.53125,-113.90625
4537,34.53125,-113.84375
4538,34.53125,-113.78125
4539,34.53125,-113.71875
4540,34.53125,-113.65625
4541,34.53125,-113.59375
4542,34.53125,-113.53125
4543,34.53125,-113.46875
4544,34.53125,-113.40625
4545,34.53125,-113.34375
4546,34.53125,-113.28125
4547,34.53125,-113.21875
4548,34.53125,-113.15625
4549,34.53125,-113.09375
4550,34.53125,-113.03125
4551,34.53125,-112.96875
4552,34.53125,-112.90625
4553,34.53125,-112.84375
4554,34.53125,-112.78125
4555,34.53125,-112.71875
4556,34.53125,-112.65625
4557,34.53125,-112.59375
4558,34.53125,-112.53125
4559,34.53125,-112.46875
4560,34.53125,-112.40625
4561,34.53125,-112.34375
4562,34.53125,-112.28125
4563,34.53125,-112.21875
4564,34.53125,-112.15625
4565,34.53125,-112.09375
4566,34.53125,-112.03125
4567,34.53125,-111.96875
4568,34.53125,-111.90625
4569,34.53125,-111.84375
4570,34.53125,-111.78125
4571,34.53125,-111.71875
4572,34.53125,-111.65625
4573,34.53125,-111.59375
4574,34.53125,-111.53125
4575,34.53125,-110.90625
4576,34.53125,-110.84375
4577,34.53125,-110.78125
4578,34.53125,-110.71875
4579,34.53125,-110.65625
4580,34.53125,-110.59375
4581,34.53125,-110.53125
4582,34.53125,-110.46875
4583,34.53125,-110.40625
4584,34.53125,-110.34375
4585,34.53125,-110.28125
4586,34.53125,-110.21875
4587,34.53125,-110.15625
4588,34.53125,-110.09375
4589,34.53125,-110.03125
4590,34.53125,-109.96875
4591,34.53125,-109.90625
4592,34.53125,-109.84375
4593,34.53125,-109.78125
4594,34.53125,-109.71875
4595,34.53125,-109.65625
4596,34.53125,-109.59375
4597,34.53125,-109.53125
4598,34.53125,-109.46875
4599,34.53125,-109.40625
4600,34.53125,-109.34375
4601,34.53125,-109.28125
4602,34.53125,-109.21875
4603,34.53125,-109.15625
4604,34.53125,-109.09375
4605,34.53125,-109.03125
4606,34.53125,-108.96875
4607,34.53125,-108.90625
4608,34.53125,-108.84375
4609,34.53125,-108.78125
4610,34.53125,-108.71875
4611,34.53125,-108.65625
4612,34.53125,-108.59375
4613,34.53125,-108.53125
4614,34.53125,-108.46875
4615,34.53125,-108.40625
4616,34.53125,-108.34375
4617,34.59375,-114.84375
4618,34.59375,-114.78125
4619,34.59375,-114.71875
4620,34.59375,-114.65625
4621,34.59375,-114.59375
4622,34.59375,-114.53125
4623,34.59375,-114.46875
4624,34.59375,-114.40625
4625,34.59375,-114.34375
4626,34.59375,-114.28125
4627,34.59375,-114.21875
4628,34.59375,-114.15625
4629,34.59375,-114.09375
4630,34.59375,-114.03125
4631,34.59375,-113.96875
4632,34.59375,-113.90625
4633,34.59375,-113.84375
4634,34.59375,-113.78125
4635,34.59375,-113.71875
4636,34.59375,-113.65625
4637,34.59375,-113.59375
4638,34.59375,-113.53125
4639,34.59375,-113.46875
4640,34.59375,-113.40625
4641,34.59375,-113.34375
4642,34.59375,-113.28125
4643,34.59375,-113.21875
4644,34.59375,-113.15625
4645,34.59375,-113.09375
4646,34.59375,-113.03125
4647,34.59375,-112.96875
4648,34.59375,-112.90625
4649,34.59375,-112.84375
4650,34.59375,-112.78125
4651,34.59375,-112.71875
4652,34.59375,-112.65625
4653,34.59375,-112.59375
4654,34.59375,-112.53125
4655,34.59375,-112.46875
4656,34.59375,-112.40625
4657,34.59375,-112.34375
4658,34.59375,-112.28125
4659,34.59375,-112.21875
4660,34.59375,-112.15625
4661,34.59375,-112.09375
4662,34.59375,-112.03125
4663,34.59375,-111.96875
4664,34.59375,-111.90625
4665,34.59375,-111.84375
4666,34.59375,-111.78125
4667,34.59375,-111.71875
4668,34.59375,-111.65625
4669,34.59375,-111.59375
4670,34.59375,-111.03125
4671,34.59375,-110.96875
4672,34.59375,-110.90625
4673,34.59375,-110.84375
4674,34.59375,-110.78125
4675,34.59375,-110.71875
4676,34.59375,-110.65625
4677,34.59375,-110.59375
4678,34.59375,-110.53125
4679,34.59375,-110.46875
4680,34.59375,-110.40625
4681,34.59375,-110.34375
4682,34.59375,-110.28125
4683,34.59375,-110.21875
4684,34.59375,-110.15625
4685,34.59375,-110.09375
4686,34.59375,-110.03125
4687,34.59375,-109.96875
4688,34.59375,-109.90625
4689,34.59375,-109.84375
4690,34.59375,-109.78125
4691,34.59375,-109.71875
4692,34.59375,-109.65625
4693,34.59375,-109.59375
4694,34.59375,-109.53125
4695,34.59375,-109.46875
4696,34.59375,-109.40625
4697,34.59375,-109.34375
4698,34.59375,-109.28125
4699,34.59375,-109.21875
4700,34.59375,-109.15625
4701,34.59375,-109.09375
4702,34.59375,-109.03125
4703,34.59375,-108.96875
4704,34.59375,-108.90625
4705,34.59375,-108.84375
4706,34.59375,-108.78125
4707,34.59375,-108.71875
4708,34.59375,-108.65625
4709,34.59375,-108.59375
4710,34.59375,-108.53125
4711,34.59375,-108.46875
4712,34.59375,-108.40625
4713,34.65625,-114.84375
4714,34.65625,-114.78125
4715,34.65625,-114.71875
4716,34.65625,-114.65625
4717,34.65625,-114.59375
4718,34.65625,-114.53125
4719,34.65625,-114.46875
4720,34.65625,-114.40625
4721,34.65625,-114.34375
4722,34.65625,-114.28125
4723,34.65625,-114.21875
4724,34.65625,-114.15625
4725,34.65625,-114.09375
4726,34.65625,-114.03125
4727,34.65625,-113.96875
4728,34.65625,-113.90625
4729,34.65625,-113.84375
4730,34.65625,-113.78125
4731,34.65625,-113.71875
4732,34.65625,-113.65625
4733,34.65625,-113.59375
4734,34.65625,-113.53125
4735,34.65625,-113.46875
4736,34.65625,-113.40625
4737,34.65625,-113.34375
4738,34.65625,-113.28125
4739,34.65625,-113.21875
4740,34.65625,-113.15625
4741,34.65625,-113.09375
4742,34.65625,-113.03125
4743,34.65625,-112.96875
4744,34.65625,-112.90625
4745,34.65625,-112.84375
4746,34.65625,-112.78125
4747,34.65625,-112.71875
4748,34.65625,-112.65625
4749,34.65625,-112.59375
4750,34.65625,-112.53125
4751,34.65625,-112.46875
4752,34.65625,-112.40625
4753,34.65625,-112.34375
4754,34.65625,-112.28125
4755,34.65625,-112.21875
4756,34.65625,-112.15625
4757,34.65625,-112.09375
4758,34.65625,-112.03125
4759,34.65625,-111.96875
4760,34.65625,-111.90625
4761,34.65625,-111.84375
4762,34.65625,-111.78125
4763,34.65625,-111.71875
4764,34.65625,-111.65625
4765,34.65625,-111.59375
4766,34.65625,-111.09375
4767,34.65625,-111.03125
4768,34.65625,-110.96875
4769,34.65625,-110.90625
4770,34.65625,-110.84375
4771,34.65625,-110.78125
4772,34.65625,-110.71875
4773,34.65625,-110.65625
4774,34.65625,-110.59375
4775,34.65625,-110.53125
4776,34.65625,-110.46875
4777,34.65625,-110.40625
4778,34.65625,-110.34375
4779,34.65625,-110.28125
4780,34.65625,-110.21875
4781,34.65625,-110.15625
4782,34.65625,-110.09375
4783,34.65625,-110.03125
4784,34.65625,-109.96875
4785,34.65625,-109.90625
4786,34.65625,-109.84375
4787,34.65625,-109.78125
4788,34.65625,-109.71875
4789,34.65625,-109.65625
4790,34.65625,-109.59375
4791,34.65625,-109.53125
4792,34.65625,-109.46875
4793,34.65625,-109.40625
4794,34.65625,-109.34375
4795,34.65625,-109.28125
4796,34.65625,-109.21875
4797,34.65625,-109.15625
4798,34.65625,-109.09375
4799,34.65625,-109.03125
4800,34.65625,-108.96875
4801,34.65625,-108.90625
4802,34.65625,-108.84375
4803,34.65625,-108.78125
4804,34.65625,-108.71875
4805,34.65625,-108.65625
4806,34.65625,-108.59375
4807,34.65625,-108.53125
4808,34.65625,-108.46875
4809,34.65625,-108.40625
4810,34.71875,-114.78125
4811,34.71875,-114.71875
4812,34.71875,-114.65625
4813,34.71875,-114.59375
4814,34.71875,-114.53125
4815,34.71875,-114.46875
4816,34.71875,-114.40625
4817,34.71875,-114.34375
4818,34.71875,-114.28125
4819,34.71875,-114.21875
4820,34.71875,-114.15625
4821,34.71875,-114.09375
4822,34.71875,-114.03125
4823,34.71875,-113.96875
4824,34.71875,-113.90625
4825,34.71875,-113.84375
4826,34.71875,-113.78125
4827,34.71875,-113.71875
4828,34.71875,-113.65625
4829,34.71875,-113.59375
4830,34.71875,-113.53125
4831,34.71875,-113.46875
4832,34.71875,-113.40625
4833,34.71875,-113.34375
4834,34.71875,-113.28125
4835,34.71875,-113.21875
4836,34.71875,-113.15625
4837,34.71875,-113.09375
4838,34.71875,-113.03125
4839,34.71875,-112.96875
4840,34.71875,-112.90625
4841,34.71875,-112.84375
4842,34.71875,-112.78125
4843,34.71875,-112.71875
4844,34.71875,-112.65625
4845,34.71875,-112.59375
4846,34.71875,-112.53125
4847,34.71875,-112.46875
4848,34.71875,-112.40625
4849,34.71875,-112.34375
4850,34.71875,-112.28125
4851,34.71875,-112.21875
4852,34.71875,-112.15625
4853,34.71875,-112.09375
4854,34.71875,-112.03125
4855,34.71875,-111.96875
4856,34.71875,-111.90625
4857,34.71875,-111.84375
4858,34.71875,-111.78125
4859,34.71875,-111.71875
4860,34.71875,-111.65625
4861,34.71875,-111.09375
4862,34.71875,-111.03125
4863,34.71875,-110.96875
4864,34.71875,-110.90625
4865,34.71875,-110.84375
4866,34.71875,-110.78125
4867,34.71875,-110.71875
4868,34.71875,-110.65625
4869,34.71875,-110.59375
4870,34.71875,-110.53125
4871,34.71875,-110.46875
4872,34.71875,-110.40625
4873,34.71875,-110.34375
4874,34.71875,-110.28125
4875,34.71875,-110.21875
4876,34.71875,-110.15625
4877,34.71875,-110.09375
4878,34.71875,-110.03125
4879,34.71875,-109.96875
4880,34.71875,-109.90625
4881,34.71875,-109.84375
4882,34.71875,-109.78125
4883,34.71875,-109.71875
4884,34.71875,-109.65625
4885,34.71875,-109.59375
4886,34.71875,-109.53125
4887,34.71875,-109.46875
4888,34.71875,-109.40625
4889,34.71875,-109.34375
4890,34.71875,-109.28125
4891,34.71875,-109.21875
4892,34.71875,-109.15625
4893,34.71875,-109.09375
4894,34.71875,-109.03125
4895,34.71875,-108.96875
4896,34.71875,-108.90625
4897,34.71875,-108.84375
4898,34.71875,-108.78125
4899,34.71875,-108.71875
4900,34.71875,-108.65625
4901,34.71875,-108.59375
4902,34.71875,-108.53125
4903,34.71875,-108.46875
4904,34.71875,-108.40625
4905,34.71875,-108.34375
4906,34.78125,-114.78125
4907,34.78125,-114.71875
4908,34.78125,-114.65625
4909,34.78125,-114.59375
4910,34.78125,-114.53125
4911,34.78125,-114.46875
4912,34.78125,-114.40625
4913,34.78125,-114.34375
4914,34.78125,-114.28125
4915,34.78125,-114.21875
4916,34.78125,-114.15625
4917,34.78125,-114.09375
4918,34.78125,-114.03125
4919,34.78125,-113.96875
4920,34.78125,-113.90625
4921,34.78125,-113.84375
4922,34.78125,-113.78125
4923,34.78125,-113.71875
4924,34.78125,-113.65625
4925,34.78125,-113.59375
4926,34.78125,-113.53125
4927,34.78125,-113.46875
4928,34.78125,-113.40625
4929,34.78125,-113.34375
4930,34.78125,-113.28125
4931,34.78125,-113.21875
4932,34.78125,-113.15625
4933,34.78125,-113.09375
4934,34.78125,-113.03125
4935,34.78125,-112.96875
4936,34.78125,-112.90625
4937,34.78125,-112.84375
4938,34.78125,-112.78125
4939,34.78125,-112.71875
4940,34.78125,-112.65625
4941,34.78125,-112.59375
4942,34.78125,-112.53125
4943,34.78125,-112.46875
4944,34.78125,-112.40625
4945,34.78125,-112.34375
4946,34.78125,-112.28125
4947,34.78125,-112.21875
4948,34.78125,-112.15625
4949,34.78125,-112.09375
4950,34.78125,-112.03125
4951,34.78125,-111.96875
4952,34.78125,-111.90625
4953,34.78125,-111.84375
4954,34.78125,-111.78125
4955,34.78125,-111.71875
4956,34.78125,-111.65625
4957,34.78125,-111.09375
4958,34.78125,-111.03125
4959,34.78125,-110.96875
4960,34.78125,-110.90625
4961,34.78125,-110.84375
4962,34.78125,-110.78125
4963,34.78125,-110.71875
4964,34.78125,-110.65625
4965,34.78125,-110.59375
4966,34.78125,-110.53125
4967,34.78125,-110.46875
4968,34.78125,-110.40625
4969,34.78125,-110.34375
4970,34.78125,-110.28125
4971,34.78125,-110.21875
4972,34.78125,-110.15625
4973,34.78125,-110.09375
4974,34.78125,-110.03125
4975,34.78125,-109.96875
4976,34.78125,-109.90625
4977,34.78125,-109.84375
4978,34.78125,-109.78125
4979,34.78125,-109.71875
4980,34.78125,-109.65625
4981,34.78125,-109.59375
4982,34.78125,-109.53125
4983,34.78125,-109.46875
4984,34.78125,-109.40625
4985,34.78125,-109.34375
4986,34.78125,-109.28125
4987,34.78125,-109.21875
4988,34.78125,-109.15625
4989,34.78125,-109.09375
4990,34.78125,-109.03125
4991,34.78125,-108.96875
4992,34.78125,-108.90625
4993,34.78125,-108.84375
4994,34.78125,-108.78125
4995,34.78125,-108.71875
4996,34.78125,-108.65625
4997,34.78125,-108.59375
4998,34.78125,-108.53125
4999,34.78125,-108.46875
5000,34.78125,-108.40625
5001,34.78125,-108.34375
5002,34.84375,-114.84375
5003,34.84375,-114.78125
5004,34.84375,-114.71875
5005,34.84375,-114.65625
5006,34.84375,-114.59375
5007,34.84375,-114.53125
5008,34.84375,-114.46875
5009,34.84375,-114.40625
5010,34.84375,-114.34375
5011,34.84375,-114.28125
5012,34.84375,-114.21875
5013,34.84375,-114.15625
5014,34.84375,-114.09375
5015,34.84375,-114.03125
5016,34.84375,-113.96875
5017,34.84375,-113.90625
5018,34.84375,-113.84375
5019,34.84375,-113.78125
5020,34.84375,-113.71875
5021,34.84375,-113.65625
5022,34.84375,-113.59375
5023,34.84375,-113.53125
5024,34.84375,-113.46875
5025,34.84375,-113.40625
5026,34.84375,-113.34375
5027,34.84375,-113.28125
5028,34.84375,-113.21875
5029,34.84375,-113.15625
5030,34.84375,-113.09375
5031,34.84375,-113.03125
5032,34.84375,-112.96875
5033,34.84375,-112.90625
5034,34.84375,-112.84375
5035,34.84375,-112.78125
5036,34.84375,-112.71875
5037,34.84375,-112.65625
5038,34.84375,-112.59375
5039,34.84375,-112.53125
5040,34.84375,-112.46875
5041,34.84375,-112.40625
5042,34.84375,-112.34375
5043,34.84375,-112.28125
5044,34.84375,-112.21875
5045,34.84375,-112.15625
5046,34.84375,-112.09375
5047,34.84375,-112.03125
5048,34.84375,-111.96875
5049,34.84375,-111.90625
5050,34.84375,-111.84375
5051,34.84375,-111.78125
5052,34.84375,-111.71875
5053,34.84375,-111.65625
5054,34.84375,-111.15625
5055,34.84375,-111.09375
5056,34.84375,-111.03125
5057,34.84375,-110.96875
5058,34.84375,-110.90625
5059,34.84375,-110.84375
5060,34.84375,-110.78125
5061,34.84375,-110.71875
5062,34.84375,-110.65625
5063,34.84375,-110.59375
5064,34.84375,-110.53125
5065,34.84375,-110.46875
5066,34.84375,-110.40625
5067,34.84375,-110.34375
5068,34.84375,-110.28125
5069,34.84375,-110.21875
5070,34.84375,-110.15625
5071,34.84375,-110.09375
5072,34.84375,-110.03125
5073,34.84375,-109.96875
5074,34.84375,-109.90625
5075,34.84375,-109.84375
5076,34.84375,-109.78125
5077,34.84375,-109.71875
5078,34.84375,-109.65625
5079,34.84375,-109.59375
5080,34.84375,-109.53125
5081,34.84375,-109.46875
5082,34.84375,-109.40625
5083,34.84375,-109.34375
5084,34.84375,-109.28125
5085,34.84375,-109.21875
5086,34.84375,-109.15625
5087,34.84375,-109.09375
5088,34.84375,-109.03125
5089,34.84375,-108.96875
5090,34.84375,-108.90625
5091,34.84375,-108.84375
5092,34.84375,-108.78125
5093,34.84375,-108.71875
5094,34.84375,-108.65625
5095,34.84375,-108.59375
5096,34.84375,-108.53125
5097,34.84375,-108.46875
5098,34.84375,-108.40625
5099,34.84375,-108.34375
5100,34.84375,-108.28125
5101,34.90625,-114.96875
5102,34.90625,-114.90625
5103,34.90625,-114.84375
5104,34.90625,-114.78125
5105,34.90625,-114.71875
5106,34.90625,-114.65625
5107,34.90625,-114.59375
5108,34.90625,-114.53125
5109,34.90625,-114.46875
5110,34.90625,-114.40625
5111,34.90625,-114.34375
5112,34.90625,-114.28125
5113,34.90625,-114.21875
5114,34.90625,-114.15625
5115,34.90625,-114.09375
5116,34.90625,-114.03125
5117,34.90625,-113.96875
5118,34.90625,-113.90625
5119,34.90625,-113.84375
5120,34.90625,-113.78125
5121,34.90625,-113.71875
5122,34.90625,-113.65625
5123,34.90625,-113.59375
5124,34.90625,-113.53125
5125,34.90625,-113.46875
5126,34.90625,-113.40625
5127,34.90625,-113.34375
5128,34.90625,-113.28125
5129,34.90625,-113.21875
5130,34.90625,-113.15625
5131,34.90625,-113.09375
5132,34.90625,-113.03125
5133,34.90625,-112.96875
5134,34.90625,-112.90625
5135,34.90625,-112.84375
5136,34.90625,-112.78125
5137,34.90625,-112.71875
5138,34.90625,-112.65625
5139,34.90625,-112.59375
5140,34.90625,-112.53125
5141,34.90625,-112.46875
5142,34.90625,-112.40625
5143,34.90625,-112.34375
5144,34.90625,-112.28125
5145,34.90625,-112.21875
5146,34.90625,-112.15625
5147,34.90625,-112.09375
5148,34.90625,-112.03125
5149,34.90625,-111.96875
5150,34.90625,-111.90625
5151,34.90625,-111.84375
5152,34.90625,-111.78125
5153,34.90625,-111.71875
5154,34.90625,-111.15625
5155,34.90625,-111.09375
5156,34.90625,-111.03125
5157,34.90625,-110.96875
5158,34.90625,-110.90625
5159,34.90625,-110.84375
5160,34.90625,-110.78125
5161,34.90625,-110.71875
5162,34.90625,-110.65625
5163,34.90625,-110.59375
5164,34.90625,-110.53125
5165,34.90625,-110.46875
5166,34.90625,-110.40625
5167,34.90625,-110.34375
5168,34.90625,-110.28125
5169,34.90625,-110.21875
5170,34.90625,-110.15625
5171,34.90625,-110.09375
5172,34.90625,-110.03125
5173,34.90625,-109.96875
5174,34.90625,-109.90625
5175,34.90625,-109.84375
5176,34.90625,-109.78125
5177,34.90625,-109.71875
5178,34.90625,-109.65625
5179,34.90625,-109.59375
5180,34.90625,-109.53125
5181,34.90625,-109.46875
5182,34.90625,-109.40625
5183,34.90625,-109.34375
5184,34.90625,-109.28125
5185,34.90625,-109.21875
5186,34.90625,-109.15625
5187,34.90625,-109.09375
5188,34.90625,-109.03125
5189,34.90625,-108.96875
5190,34.90625,-108.90625
5191,34.90625,-108.84375
5192,34.90625,-108.78125
5193,34.90625,-108.71875
5194,34.90625,-108.65625
5195,34.90625,-108.59375
5196,34.90625,-108.53125
5197,34.90625,-108.46875
5198,34.90625,-108.40625
5199,34.90625,-108.34375
5200,34.90625,-108.28125
5201,34.90625,-108.21875
5202,34.96875,-115.03125
5203,34.96875,-114.96875
5204,34.96875,-114.90625
5205,34.96875,-114.84375
5206,34.96875,-114.78125
5207,34.96875,-114.71875
5208,34.96875,-114.65625
5209,34.96875,-114.59375
5210,34.96875,-114.53125
5211,34.96875,-114.46875
5212,34.96875,-114.40625
5213,34.96875,-114.34375
5214,34.96875,-114.28125
5215,34.96875,-114.21875
5216,34.96875,-114.15625
5217,34.96875,-114.09375
5218,34.96875,-114.03125
5219,34.96875,-113.96875
5220,34.96875,-113.90625
5221,34.96875,-113.84375
5222,34.96875,-113.78125
5223,34.96875,-113.71875
5224,34.96875,-113.65625
5225,34.96875,-113.59375
5226,34.96875,-113.53125
5227,34.96875,-113.46875
5228,34.96875,-113.40625
5229,34.96875,-113.34375
5230,34.96875,-113.28125
5231,34.96875,-113.21875
5232,34.96875,-113.15625
5233,34.96875,-113.09375
5234,34.96875,-113.03125
5235,34.96875,-112.96875
5236,34.96875,-112.90625
5237,34.96875,-112.84375
5238,34.96875,-112.78125
5239,34.96875,-112.71875
5240,34.96875,-112.65625
5241,34.96875,-112.59375
5242,34.96875,-112.53125
5243,34.96875,-112.46875
5244,34.96875,-112.40625
5245,34.96875,-112.34375
5246,34.96875,-112.28125
5247,34.96875,-112.21875
5248,34.96875,-112.15625
5249,34.96875,-112.09375
5250,34.96875,-112.03125
5251,34.96875,-111.96875
5252,34.96875,-111.90625
5253,34.96875,-111.84375
5254,34.96875,-111.78125
5255,34.96875,-111.71875
5256,34.96875,-111.21875
5257,34.96875,-111.15625
5258,34.96875,-111.09375
5259,34.96875,-111.03125
5260,34.96875,-110.96875
5261,34.96875,-110.90625
5262,34.96875,-110.84375
5263,34.96875,-110.78125
5264,34.96875,-110.71875
5265,34.96875,-110.65625
5266,34.96875,-110.59375
5267,34.96875,-110.53125
5268,34.96875,-110.46875
5269,34.96875,-110.40625
5270,34.96875,-110.34375
5271,34.96875,-110.28125
5272,34.96875,-110.21875
5273,34.96875,-110.15625
5274,34.96875,-110.09375
5275,34.96875,-110.03125
5276,34.96875,-109.96875
5277,34.96875,-109.90625
5278,34.96875,-109.84375
5279,34.96875,-109.78125
5280,34.96875,-109.71875
5281,34.96875,-109.65625
5282,34.96875,-109.59375
5283,34.96875,-109.53125
5284,34.96875,-109.46875
5285,34.96875,-109.40625
5286,34.96875,-109.34375
5287,34.96875,-109.28125
5288,34.96875,-109.21875
5289,34.96875,-109.15625
5290,34.96875,-109.09375
5291,34.96875,-109.03125
5292,34.96875,-108.96875
5293,34.96875,-108.90625
5294,34.96875,-108.84375
5295,34.96875,-108.78125
5296,34.96875,-108.71875
5297,34.96875,-108.65625
5298,34.96875,-108.59375
5299,34.96875,-108.53125
5300,34.96875,-108.46875
5301,34.96875,-108.40625
5302,34.96875,-108.34375
5303,34.96875,-108.28125
5304,34.96875,-108.21875
5305,34.96875,-108.15625
5306,35.03125,-115.09375
5307,35.03125,-115.03125
5308,35.03125,-114.96875
5309,35.03125,-114.90625
5310,35.03125,-114.84375
5311,35.03125,-114.78125
5312,35.03125,-114.71875
5313,35.03125,-114.65625
5314,35.03125,-114.59375
5315,35.03125,-114.53125
5316,35.03125,-114.46875
5317,35.03125,-114.40625
5318,35.03125,-114.34375
5319,35.03125,-114.28125
5320,35.03125,-114.21875
5321,35.03125,-114.15625
5322,35.03125,-114.09375
5323,35.03125,-114.03125
5324,35.03125,-113.96875
5325,35.03125,-113.90625
5326,35.03125,-113.84375
5327,35.03125,-113.78125
5328,35.03125,-113.71875
5329,35.03125,-113.65625
5330,35.03125,-113.59375
5331,35.03125,-113.53125
5332,35.03125,-113.46875
5333,35.03125,-113.40625
5334,35.03125,-113.34375
5335,35.03125,-113.28125
5336,35.03125,-113.21875
5337,35.03125,-113.15625
5338,35.03125,-113.09375
5339,35.03125,-113.03125
5340,35.03125,-112.96875
5341,35.03125,-112.90625
5342,35.03125,-112.84375
5343,35.03125,-112.78125
5344,35.03125,-112.71875
5345,35.03125,-112.65625
5346,35.03125,-112.59375
5347,35.03125,-112.53125
5348,35.03125,-112.46875
5349,35.03125,-112.40625
5350,35.03125,-112.34375
5351,35.03125,-112.28125
5352,35.03125,-112.21875
5353,35.03125,-112.15625
5354,35.03125,-112.09375
5355,35.03125,-112.03125
5356,35.03125,-111.96875
5357,35.03125,-111.21875
5358,35.03125,-111.15625
5359,35.03125,-111.09375
5360,35.03125,-111.03125
5361,35.03125,-110.96875
5362,35.03125,-110.90625
5363,35.03125,-110.84375
5364,35.03125,-110.78125
5365,35.03125,-110.71875
5366,35.03125,-110.65625
5367,35.03125,-110.59375
5368,35.03125,-110.53125
5369,35.03125,-110.46875
5370,35.03125,-110.40625
5371,35.03125,-110.34375
5372,35.03125,-110.28125
5373,35.03125,-110.21875
5374,35.03125,-110.15625
5375,35.03125,-110.09375
5376,35.03125,-110.03125
5377,35.03125,-109.96875
5378,35.03125,-109.90625
5379,35.03125,-109.84375
5380,35.03125,-109.78125
5381,35.03125,-109.71875
5382,35.03125,-109.65625
5383,35.03125,-109.59375
5384,35.03125,-109.53125
5385,35.03125,-109.46875
5386,35.03125,-109.40625
5387,35.03125,-109.34375
5388,35.03125,-109.28125
5389,35.03125,-109.21875
5390,35.03125,-109.15625
5391,35.03125,-109.09375
5392,35.03125,-109.03125
5393,35.03125,-108.96875
5394,35.03125,-108.90625
5395,35.03125,-108.84375
5396,35.03125,-108.78125
5397,35.03125,-108.71875
5398,35.03125,-108.65625
5399,35.03125,-108.59375
5400,35.03125,-108.53125
5401,35.03125,-108.46875
5402,35.03125,-108.40625
5403,35.03125,-108.34375
5404,35.03125,-108.28125
5405,35.03125,-108.21875
5406,35.03125,-108.15625
5407,35.09375,-115.09375
5408,35.09375,-115.03125
5409,35.09375,-114.96875
5410,35.09375,-114.90625
5411,35.09375,-114.84375
5412,35.09375,-114.78125
5413,35.09375,-114.71875
5414,35.09375,-114.65625
5415,35.09375,-114.59375
5416,35.09375,-114.53125
5417,35.09375,-114.46875
5418,35.09375,-114.40625
5419,35.09375,-114.34375
5420,35.09375,-114.28125
5421,35.09375,-114.21875
5422,35.09375,-114.15625
5423,35.09375,-114.09375
5424,35.09375,-114.03125
5425,35.09375,-113.96875
5426,35.09375,-113.90625
5427,35.09375,-113.84375
5428,35.09375,-113.78125
5429,35.09375,-113.71875
5430,35.09375,-113.65625
5431,35.09375,-113.59375
5432,35.09375,-113.53125
5433,35.09375,-113.46875
5434,35.09375,-113.40625
5435,35.09375,-113.34375
5436,35.09375,-113.28125
5437,35.09375,-113.21875
5438,35.09375,-113.15625
5439,35.09375,-113.09375
5440,35.09375,-113.03125
5441,35.09375,-112.96875
5442,35.09375,-112.90625
5443,35.09375,-112.84375
5444,35.09375,-112.78125
5445,35.09375,-112.71875
5446,35.09375,-112.65625
5447,35.09375,-112.59375
5448,35.09375,-112.53125
5449,35.09375,-112.46875
5450,35.09375,-112.40625
5451,35.09375,-112.34375
5452,35.09375,-112.28125
5453,35.09375,-112.21875
5454,35.09375,-112.15625
5455,35.09375,-111.96875
5456,35.09375,-111.34375
5457,35.09375,-111.28125
5458,35.09375,-111.21875
5459,35.09375,-111.15625
5460,35.09375,-111.09375
5461,35.09375,-111.03125
5462,35.09375,-110.96875
5463,35.09375,-110.90625
5464,35.09375,-110.84375
5465,35.09375,-110.78125
5466,35.09375,-110.71875
5467,35.09375,-110.65625
5468,35.09375,-110.59375
5469,35.09375,-110.53125
5470,35.09375,-110.46875
5471,35.09375,-110.40625
5472,35.09375,-110.34375
5473,35.09375,-110.28125
5474,35.09375,-110.21875
5475,35.09375,-110.15625
5476,35.09375,-110.09375
5477,35.09375,-110.03125
5478,35.09375,-109.96875
5479,35.09375,-109.90625
5480,35.09375,-109.84375
5481,35.09375,-109.78125
5482,35.09375,-109.71875
5483,35.09375,-109.65625
5484,35.09375,-109.59375
5485,35.09375,-109.53125
5486,35.09375,-109.46875
5487,35.09375,-109.40625
5488,35.09375,-109.34375
5489,35.09375,-109.28125
5490,35.09375,-109.21875
5491,35.09375,-109.15625
5492,35.09375,-109.09375
5493,35.09375,-109.03125
5494,35.09375,-108.96875
5495,35.09375,-108.90625
5496,35.09375,-108.84375
5497,35.09375,-108.78125
5498,35.09375,-108.71875
5499,35.09375,-108.65625
5500,35.09375,-108.59375
5501,35.09375,-108.53125
5502,35.09375,-108.46875
5503,35.09375,-108.40625
5504,35.09375,-108.34375
5505,35.09375,-108.28125
5506,35.15625,-115.21875
5507,35.15625,-115.15625
5508,35.15625,-115.09375
5509,35.15625,-115.03125
5510,35.15625,-114.96875
5511,35.15625,-114.90625
5512,35.15625,-114.84375
5513,35.15625,-114.78125
5514,35.15625,-114.71875
5515,35.15625,-114.65625
5516,35.15625,-114.59375
5517,35.15625,-114.53125
5518,35.15625,-114.46875
5519,35.15625,-114.40625
5520,35.15625,-114.34375
5521,35.15625,-114.28125
5522,35.15625,-114.21875
5523,35.15625,-114.15625
5524,35.15625,-114.09375
5525,35.15625,-114.03125
5526,35.15625,-113.96875
5527,35.15625,-113.90625
5528,35.15625,-113.84375
5529,35.15625,-113.78125
5530,35.15625,-113.71875
5531,35.15625,-113.65625
5532,35.15625,-113.59375
5533,35.15625,-113.53125
5534,35.15625,-113.46875
5535,35.15625,-113.40625
5536,35.15625,-113.34375
5537,35.15625,-113.28125
5538,35.15625,-113.21875
5539,35.15625,-113.15625
5540,35.15625,-113.09375
5541,35.15625,-113.03125
5542,35.15625,-112.96875
5543,35.15625,-112.90625
5544,35.15625,-112.84375
5545,35.15625,-112.78125
5546,35.15625,-112.71875
5547,35.15625,-112.65625
5548,35.15625,-112.59375
5549,35.15625,-112.53125
5550,35.15625,-112.46875
5551,35.15625,-112.40625
5552,35.15625,-112.34375
5553,35.15625,-112.28125
5554,35.15625,-112.21875
5555,35.15625,-111.40625
5556,35.15625,-111.34375
5557,35.15625,-111.28125
5558,35.15625,-111.21875
5559,35.15625,-111.15625
5560,35.15625,-111.09375
5561,35.15625,-111.03125
5562,35.15625,-110.96875
5563,35.15625,-110.90625
5564,35.15625,-110.84375
5565,35.15625,-110.78125
5566,35.15625,-110.71875
5567,35.15625,-110.65625
5568,35.15625,-110.59375
5569,35.15625,-110.53125
5570,35.15625,-110.46875
5571,35.15625,-110.40625
5572,35.15625,-110.34375
5573,35.15625,-110.28125
5574,35.15625,-110.21875
5575,35.15625,-110.15625
5576,35.15625,-110.09375
5577,35.15625,-110.03125
5578,35.15625,-109.96875
5579,35.15625,-109.90625
5580,35.15625,-109.84375
5581,35.15625,-109.78125
5582,35.15625,-109.71875
5583,35.15625,-109.65625
5584,35.15625,-109.59375
5585,35.15625,-109.53125
5586,35.15625,-109.46875
5587,35.15625,-109.40625
5588,35.15625,-109.34375
5589,35.15625,-109.28125
5590,35.15625,-109.21875
5591,35.15625,-109.15625
5592,35.15625,-109.09375
5593,35.15625,-109.03125
5594,35.15625,-108.96875
5595,35.15625,-108.90625
5596,35.15625,-108.84375
5597,35.15625,-108.78125
5598,35.15625,-108.71875
5599,35.15625,-108.65625
5600,35.15625,-108.59375
5601,35.15625,-108.53125
5602,35.15625,-108.46875
5603,35.15625,-108.40625
5604,35.15625,-108.34375
5605,35.21875,-115.28125
5606,35.21875,-115.21875
5607,35.21875,-115.15625
5608,35.21875,-115.09375
5609,35.21875,-115.03125
5610,35.21875,-114.96875
5611,35.21875,-114.90625
5612,35.21875,-114.84375
5613,35.21875,-114.78125
5614,35.21875,-114.71875
5615,35.21875,-114.65625
5616,35.21875,-114.59375
5617,35.21875,-114.53125
5618,35.21875,-114.46875
5619,35.21875,-114.40625
5620,35.21875,-114.34375
5621,35.21875,-114.28125
5622,35.21875,-114.21875
5623,35.21875,-114.15625
5624,35.21875,-114.09375
5625,35.21875,-114.03125
5626,35.21875,-113.96875
5627,35.21875,-113.90625
5628,35.21875,-113.84375
5629,35.21875,-113.78125
5630,35.21875,-113.71875
5631,35.21875,-113.65625
5632,35.21875,-113.59375
5633,35.21875,-113.53125
5634,35.21875,-113.46875
5635,35.21875,-113.40625
5636,35.21875,-113.34375
5637,35.21875,-113.28125
5638,35.21875,-113.21875
5639,35.21875,-113.15625
5640,35.21875,-113.09375
5641,35.21875,-113.03125
5642,35.21875,-112.96875
5643,35.21875,-112.90625
5644,35.21875,-112.84375
5645,35.21875,-112.78125
5646,35.21875,-112.71875
5647,35.21875,-112.65625
5648,35.21875,-112.59375
5649,35.21875,-112.53125
5650,35.21875,-112.46875
5651,35.21875,-112.40625
5652,35.21875,-112.34375
5653,35.21875,-112.28125
5654,35.21875,-111.46875
5655,35.21875,-111.40625
5656,35.21875,-111.34375
5657,35.21875,-111.28125
5658,35.21875,-111.21875
5659,35.21875,-111.15625
5660,35.21875,-111.09375
5661,35.21875,-111.03125
5662,35.21875,-110.96875
5663,35.21875,-110.90625
5664,35.21875,-110.84375
5665,35.21875,-110.78125
5666,35.21875,-110.71875
5667,35.21875,-110.65625
5668,35.21875,-110.59375
5669,35.21875,-110.53125
5670,35.21875,-110.46875
5671,35.21875,-110.40625
5672,35.21875,-110.34375
5673,35.21875,-110.28125
5674,35.21875,-110.21875
5675,35.21875,-110.15625
5676,35.21875,-110.09375
5677,35.21875,-110.03125
5678,35.21875,-109.96875
5679,35.21875,-109.90625
5680,35.21875,-109.84375
5681,35.21875,-109.78125
5682,35.21875,-109.71875
5683,35.21875,-109.65625
5684,35.21875,-109.59375
5685,35.21875,-109.53125
5686,35.21875,-109.46875
5687,35.21875,-109.40625
5688,35.21875,-109.34375
5689,35.21875,-109.28125
5690,35.21875,-109.21875
5691,35.21875,-109.15625
5692,35.21875,-109.09375
5693,35.21875,-109.03125
5694,35.21875,-108.96875
5695,35.21875,-108.90625
5696,35.21875,-108.84375
5697,35.21875,-108.78125
5698,35.21875,-108.71875
5699,35.21875,-108.65625
5700,35.21875,-108.59375
5701,35.21875,-108.53125
5702,35.21875,-108.46875
5703,35.28125,-115.21875
5704,35.28125,-115.15625
5705,35.28125,-115.09375
5706,35.28125,-115.03125
5707,35.28125,-114.96875
5708,35.28125,-114.90625
5709,35.28125,-114.84375
5710,35.28125,-114.78125
5711,35.28125,-114.71875
5712,35.28125,-114.65625
5713,35.28125,-114.59375
5714,35.28125,-114.53125
5715,35.28125,-114.46875
5716,35.28125,-114.40625
5717,35.28125,-114.34375
5718,35.28125,-114.28125
5719,35.28125,-114.21875
5720,35.28125,-114.15625
5721,35.28125,-114.09375
5722,35.28125,-114.03125
5723,35.28125,-113.96875
5724,35.28125,-113.90625
5725,35.28125,-113.84375
5726,35.28125,-113.78125
5727,35.28125,-113.71875
5728,35.28125,-113.65625
5729,35.28125,-113.59375
5730,35.28125,-113.53125
5731,35.28125,-113.46875
5732,35.28125,-113.40625
5733,35.28125,-113.34375
5734,35.28125,-113.28125
5735,35.28125,-113.21875
5736,35.28125,-113.15625
5737,35.28125,-113.09375
5738,35.28125,-113.03125
5739,35.28125,-112.96875
5740,35.28125,-112.90625
5741,35.28125,-112.84375
5742,35.28125,-112.78125
5743,35.28125,-112.71875
5744,35.28125,-112.65625
5745,35.28125,-112.59375
5746,35.28125,-112.53125
5747,35.28125,-112.46875
5748,35.28125,-112.40625
5749,35.28125,-112.34375
5750,35.28125,-112.28125
5751,35.28125,-112.21875
5752,35.28125,-112.15625
5753,35.28125,-111.53125
5754,35.28125,-111.46875
5755,35.28125,-111.40625
5756,35.28125,-111.34375
5757,35.28125,-111.28125
5758,35.28125,-111.21875
5759,35.28125,-111.15625
5760,35.28125,-111.09375
5761,35.28125,-111.03125
5762,35.28125,-110.96875
5763,35.28125,-110.90625
5764,35.28125,-110.84375
5765,35.28125,-110.78125
5766,35.28125,-110.71875
5767,35.28125,-110.65625
5768,35.28125,-110.59375
5769,35.28125,-110.53125
5770,35.28125,-110.46875
5771,35.28125,-110.40625
5772,35.28125,-110.34375
5773,35.28125,-110.28125
5774,35.28125,-110.21875
5775,35.28125,-110.15625
5776,35.28125,-110.09375
5777,35.28125,-110.03125
5778,35.28125,-109.96875
5779,35.28125,-109.90625
5780,35.28125,-109.84375
5781,35.28125,-109.78125
5782,35.28125,-109.71875
5783,35.28125,-109.65625
5784,35.28125,-109.59375
5785,35.28125,-109.53125
5786,35.28125,-109.46875
5787,35.28125,-109.40625
5788,35.28125,-109.34375
5789,35.28125,-109.28125
5790,35.28125,-109.21875
5791,35.28125,-109.15625
5792,35.28125,-109.09375
5793,35.28125,-109.03125
5794,35.28125,-108.96875
5795,35.28125,-108.90625
5796,35.28125,-108.84375
5797,35.28125,-108.78125
5798,35.28125,-108.71875
5799,35.28125,-108.65625
5800,35.28125,-108.59375
5801,35.28125,-108.53125
5802,35.34375,-115.15625
5803,35.34375,-115.09375
5804,35.34375,-115.03125
5805,35.34375,-114.96875
5806,35.34375,-114.90625
5807,35.34375,-114.84375
5808,35.34375,-114.78125
5809,35.34375,-114.71875
5810,35.34375,-114.65625
5811,35.34375,-114.59375
5812,35.34375,-114.53125
5813,35.34375,-114.46875
5814,35.34375,-114.40625
5815,35.34375,-114.34375
5816,35.34375,-114.28125
5817,35.34375,-114.21875
5818,35.34375,-114.15625
5819,35.34375,-114.09375
5820,35.34375,-114.03125
5821,35.34375,-113.96875
5822,35.34375,-113.90625
5823,35.34375,-113.84375
5824,35.34375,-113.78125
5825,35.34375,-113.71875
5826,35.34375,-113.65625
5827,35.34375,-113.59375
5828,35.34375,-113.53125
5829,35.34375,-113.46875
5830,35.34375,-113.40625
5831,35.34375,-113.34375
5832,35.34375,-113.28125
5833,35.34375,-113.21875
5834,35.34375,-113.15625
5835,35.34375,-113.09375
5836,35.34375,-113.03125
5837,35.34375,-112.96875
5838,35.34375,-112.90625
5839,35.34375,-112.84375
5840,35.34375,-112.78125
5841,35.34375,-112.71875
5842,35.34375,-112.65625
5843,35.34375,-112.59375
5844,35.34375,-112.53125
5845,35.34375,-112.46875
5846,35.34375,-112.40625
5847,35.34375,-112.34375
5848,35.34375,-112.28125
5849,35.34375,-112.21875
5850,35.34375,-112.15625
5851,35.34375,-112.09375
5852,35.34375,-111.53125
5853,35.34375,-111.40625
5854,35.34375,-111.34375
5855,35.34375,-111.28125
5856,35.34375,-111.21875
5857,35.34375,-111.15625
5858,35.34375,-111.09375
5859,35.34375,-111.03125
5860,35.34375,-110.96875
5861,35.34375,-110.90625
5862,35.34375,-110.84375
5863,35.34375,-110.78125
5864,35.34375,-110.71875
5865,35.34375,-110.65625
5866,35.34375,-110.59375
5867,35.34375,-110.53125
5868,35.34375,-110.46875
5869,35.34375,-110.40625
5870,35.34375,-110.34375
5871,35.34375,-110.28125
5872,35.34375,-110.21875
5873,35.34375,-110.15625
5874,35.34375,-110.09375
5875,35.34375,-110.03125
5876,35.34375,-109.96875
5877,35.34375,-109.90625
5878,35.34375,-109.84375
5879,35.34375,-109.78125
5880,35.34375,-109.71875
5881,35.34375,-109.65625
5882,35.34375,-109.59375
5883,35.34375,-109.53125
5884,35.34375,-109.46875
5885,35.34375,-109.40625
5886,35.34375,-109.34375
5887,35.34375,-109.28125
5888,35.34375,-109.21875
5889,35.34375,-109.15625
5890,35.34375,-109.09375
5891,35.34375,-109.03125
5892,35.34375,-108.96875
5893,35.34375,-108.90625
5894,35.34375,-108.84375
5895,35.34375,-108.78125
5896,35.34375,-108.71875
5897,35.34375,-108.65625
5898,35.40625,-115.09375
5899,35.40625,-115.03125
5900,35.40625,-114.96875
5901,35.40625,-114.90625
5902,35.40625,-114.84375
5903,35.40625,-114.78125
5904,35.40625,-114.71875
5905,35.40625,-114.65625
5906,35.40625,-114.59375
5907,35.40625,-114.53125
5908,35.40625,-114.46875
5909,35.40625,-114.40625
5910,35.40625,-114.34375
5911,35.40625,-114.28125
5912,35.40625,-114.21875
5913,35.40625,-114.15625
5914,35.40625,-114.09375
5915,35.40625,-114.03125
5916,35.40625,-113.96875
5917,35.40625,-113.90625
5918,35.40625,-113.84375
5919,35.40625,-113.78125
5920,35.40625,-113.71875
5921,35.40625,-113.65625
5922,35.40625,-113.59375
5923,35.40625,-113.53125
5924,35.40625,-113.46875
5925,35.40625,-113.40625
5926,35.40625,-113.34375
5927,35.40625,-113.28125
5928,35.40625,-113.21875
5929,35.40625,-113.15625
5930,35.40625,-113.09375
5931,35.40625,-113.03125
5932,35.40625,-112.96875
5933,35.40625,-112.90625
5934,35.40625,-112.84375
5935,35.40625,-112.78125
5936,35.40625,-112.71875
5937,35.40625,-112.65625
5938,35.40625,-112.59375
5939,35.40625,-112.53125
5940,35.40625,-112.46875
5941,35.40625,-112.40625
5942,35.40625,-112.34375
5943,35.40625,-112.28125
5944,35.40625,-112.21875
5945,35.40625,-112.15625
5946,35.40625,-112.09375
5947,35.40625,-111.46875
5948,35.40625,-111.40625
5949,35.40625,-111.34375
5950,35.40625,-111.28125
5951,35.40625,-111.21875
5952,35.40625,-111.15625
5953,35.40625,-111.09375
5954,35.40625,-111.03125
5955,35.40625,-110.96875
5956,35.40625,-110.90625
5957,35.40625,-110.84375
5958,35.40625,-110.78125
5959,35.40625,-110.71875
5960,35.40625,-110.65625
5961,35.40625,-110.59375
5962,35.40625,-110.53125
5963,35.40625,-110.46875
5964,35.40625,-110.40625
5965,35.40625,-110.34375
5966,35.40625,-110.28125
5967,35.40625,-110.21875
5968,35.40625,-110.15625
5969,35.40625,-110.09375
5970,35.40625,-110.03125
5971,35.40625,-109.96875
5972,35.40625,-109.90625
5973,35.40625,-109.84375
5974,35.40625,-109.78125
5975,35.40625,-109.71875
5976,35.40625,-109.65625
5977,35.40625,-109.59375
5978,35.40625,-109.53125
5979,35.40625,-109.46875
5980,35.40625,-109.40625
5981,35.40625,-109.34375
5982,35.40625,-109.28125
5983,35.40625,-109.21875
5984,35.40625,-109.15625
5985,35.40625,-109.09375
5986,35.40625,-109.03125
5987,35.40625,-108.96875
5988,35.40625,-108.90625
5989,35.40625,-108.84375
5990,35.40625,-108.78125
5991,35.40625,-108.71875
5992,35.40625,-108.65625
5993,35.40625,-108.40625
5994,35.40625,-108.34375
5995,35.46875,-115.09375
5996,35.46875,-115.03125
5997,35.46875,-114.96875
5998,35.46875,-114.90625
5999,35.46875,-114.84375
6000,35.46875,-114.78125
6001,35.46875,-114.71875
6002,35.46875,-114.65625
6003,35.46875,-114.59375
6004,35.46875,-114.53125
6005,35.46875,-114.46875
6006,35.46875,-114.40625
6007,35.46875,-114.34375
6008,35.46875,-114.28125
6009,35.46875,-114.21875
6010,35.46875,-114.15625
6011,35.46875,-114.09375
6012,35.46875,-114.03125
6013,35.46875,-113.96875
6014,35.46875,-113.90625
6015,35.46875,-113.84375
6016,35.46875,-113.78125
6017,35.46875,-113.71875
6018,35.46875,-113.65625
6019,35.46875,-113.59375
6020,35.46875,-113.53125
6021,35.46875,-113.46875
6022,35.46875,-113.40625
6023,35.46875,-113.34375
6024,35.46875,-113.28125
6025,35.46875,-113.21875
6026,35.46875,-113.15625
6027,35.46875,-113.09375
6028,35.46875,-113.03125
6029,35.46875,-112.96875
6030,35.46875,-112.90625
6031,35.46875,-112.84375
6032,35.46875,-112.78125
6033,35.46875,-112.71875
6034,35.46875,-112.65625
6035,35.46875,-112.59375
6036,35.46875,-112.53125
6037,35.46875,-112.46875
6038,35.46875,-112.40625
6039,35.46875,-112.34375
6040,35.46875,-112.28125
6041,35.46875,-112.21875
6042,35.46875,-112.15625
6043,35.46875,-112.09375
6044,35.46875,-111.59375
6045,35.46875,-111.53125
6046,35.46875,-111.46875
6047,35.46875,-111.40625
6048,35.46875,-111.34375
6049,35.46875,-111.28125
6050,35.46875,-111.21875
6051,35.46875,-111.15625
6052,35.46875,-111.09375
6053,35.46875,-111.03125
6054,35.46875,-110.96875
6055,35.46875,-110.90625
6056,35.46875,-110.84375
6057,35.46875,-110.78125
6058,35.46875,-110.71875
6059,35.46875,-110.65625
6060,35.46875,-110.59375
6061,35.46875,-110.53125
6062,35.46875,-110.46875
6063,35.46875,-110.40625
6064,35.46875,-110.34375
6065,35.46875,-110.28125
6066,35.46875,-110.21875
6067,35.46875,-110.15625
6068,35.46875,-110.09375
6069,35.46875,-110.03125
6070,35.46875,-109.96875
6071,35.46875,-109.90625
6072,35.46875,-109.84375
6073,35.46875,-109.78125
6074,35.46875,-109.71875
6075,35.46875,-109.65625
6076,35.46875,-109.59375
6077,35.46875,-109.53125
6078,35.46875,-109.46875
6079,35.46875,-109.40625
6080,35.46875,-109.34375
6081,35.46875,-109.28125
6082,35.46875,-109.21875
6083,35.46875,-109.15625
6084,35.46875,-109.09375
6085,35.46875,-109.03125
6086,35.46875,-108.96875
6087,35.46875,-108.90625
6088,35.46875,-108.84375
6089,35.46875,-108.78125
6090,35.46875,-108.71875
6091,35.46875,-108.65625
6092,35.46875,-108.59375
6093,35.46875,-108.53125
6094,35.46875,-108.46875
6095,35.46875,-108.40625
6096,35.46875,-108.34375
6097,35.46875,-108.28125
6098,35.53125,-115.15625
6099,35.53125,-115.09375
6100,35.53125,-115.03125
6101,35.53125,-114.84375
6102,35.53125,-114.78125
6103,35.53125,-114.71875
6104,35.53125,-114.65625
6105,35.53125,-114.59375
6106,35.53125,-114.53125
6107,35.53125,-114.46875
6108,35.53125,-114.40625
6109,35.53125,-114.34375
6110,35.53125,-114.28125
6111,35.53125,-114.21875
6112,35.53125,-114.15625
6113,35.53125,-114.09375
6114,35.53125,-114.03125
6115,35.53125,-113.96875
6116,35.53125,-113.90625
6117,35.53125,-113.84375
6118,35.53125,-113.78125
6119,35.53125,-113.71875
6120,35.53125,-113.65625
6121,35.53125,-113.59375
6122,35.53125,-113.53125
6123,35.53125,-113.46875
6124,35.53125,-113.40625
6125,35.53125,-113.34375
6126,35.53125,-113.28125
6127,35.53125,-113.21875
6128,35.53125,-113.15625
6129,35.53125,-113.09375
6130,35.53125,-113.03125
6131,35.53125,-112.96875
6132,35.53125,-112.90625
6133,35.53125,-112.84375
6134,35.53125,-112.78125
6135,35.53125,-112.71875
6136,35.53125,-112.65625
6137,35.53125,-112.59375
6138,35.53125,-112.53125
6139,35.53125,-112.46875
6140,35.53125,-112.40625
6141,35.53125,-112.34375
6142,35.53125,-112.28125
6143,35.53125,-112.21875
6144,35.53125,-112.15625
6145,35.53125,-112.09375
6146,35.53125,-112.03125
6147,35.53125,-111.71875
6148,35.53125,-111.59375
6149,35.53125,-111.53125
6150,35.53125,-111.46875
6151,35.53125,-111.40625
6152,35.53125,-111.34375
6153,35.53125,-111.28125
6154,35.53125,-111.21875
6155,35.53125,-111.15625
6156,35.53125,-111.09375
6157,35.53125,-111.03125
6158,35.53125,-110.96875
6159,35.53125,-110.90625
6160,35.53125,-110.84375
6161,35.53125,-110.78125
6162,35.53125,-110.71875
6163,35.53125,-110.65625
6164,35.53125,-110.59375
6165,35.53125,-110.53125
6166,35.53125,-110.46875
6167,35.53125,-110.40625
6168,35.53125,-110.34375
6169,35.53125,-110.28125
6170,35.53125,-110.21875
6171,35.53125,-110.15625
6172,35.53125,-110.09375
6173,35.53125,-110.03125
6174,35.53125,-109.96875
6175,35.53125,-109.90625
6176,35.53125,-109.84375
6177,35.53125,-109.78125
6178,35.53125,-109.71875
6179,35.53125,-109.65625
6180,35.53125,-109.59375
6181,35.53125,-109.53125
6182,35.53125,-109.46875
6183,35.53125,-109.40625
6184,35.53125,-109.34375
6185,35.53125,-109.28125
6186,35.53125,-109.21875
6187,35.53125,-109.15625
6188,35.53125,-109.09375
6189,35.53125,-109.03125
6190,35.53125,-108.96875
6191,35.53125,-108.90625
6192,35.53125,-108.84375
6193,35.53125,-108.78125
6194,35.53125,-108.71875
6195,35.53125,-108.65625
6196,35.53125,-108.59375
6197,35.53125,-108.53125
6198,35.53125,-108.46875
6199,35.53125,-108.40625
6200,35.53125,-108.34375
6201,35.53125,-108.28125
6202,35.53125,-108.21875
6203,35.59375,-114.78125
6204,35.59375,-114.71875
6205,35.59375,-114.65625
6206,35.59375,-114.59375
6207,35.59375,-114.53125
6208,35.59375,-114.46875
6209,35.59375,-114.40625
6210,35.59375,-114.34375
6211,35.59375,-114.28125
6212,35.59375,-114.21875
6213,35.59375,-114.15625
6214,35.59375,-114.09375
6215,35.59375,-114.03125
6216,35.59375,-113.96875
6217,35.59375,-113.90625
6218,35.59375,-113.84375
6219,35.59375,-113.78125
6220,35.59375,-113.71875
6221,35.59375,-113.65625
6222,35.59375,-113.59375
6223,35.59375,-113.53125
6224,35.59375,-113.46875
6225,35.59375,-113.40625
6226,35.59375,-113.34375
6227,35.59375,-113.28125
6228,35.59375,-113.21875
6229,35.59375,-113.15625
6230,35.59375,-113.09375
6231,35.59375,-113.03125
6232,35.59375,-112.96875
6233,35.59375,-112.90625
6234,35.59375,-112.84375
6235,35.59375,-112.78125
6236,35.59375,-112.71875
6237,35.59375,-112.65625
6238,35.59375,-112.59375
6239,35.59375,-112.53125
6240,35.59375,-112.46875
6241,35.59375,-112.40625
6242,35.59375,-112.34375
6243,35.59375,-112.28125
6244,35.59375,-112.21875
6245,35.59375,-112.15625
6246,35.59375,-112.09375
6247,35.59375,-112.03125
6248,35.59375,-111.96875
6249,35.59375,-111.90625
6250,35.59375,-111.84375
6251,35.59375,-111.78125
6252,35.59375,-111.71875
6253,35.59375,-111.65625
6254,35.59375,-111.59375
6255,35.59375,-111.53125
6256,35.59375,-111.46875
6257,35.59375,-111.40625
6258,35.59375,-111.34375
6259,35.59375,-111.28125
6260,35.59375,-111.21875
6261,35.59375,-111.15625
6262,35.59375,-111.09375
6263,35.59375,-111.03125
6264,35.59375,-110.96875
6265,35.59375,-110.90625
6266,35.59375,-110.84375
6267,35.59375,-110.78125
6268,35.59375,-110.71875
6269,35.59375,-110.65625
6270,35.59375,-110.59375
6271,35.59375,-110.53125
6272,35.59375,-110.46875
6273,35.59375,-110.40625
6274,35.59375,-110.34375
6275,35.59375,-110.28125
6276,35.59375,-110.21875
6277,35.59375,-110.15625
6278,35.59375,-110.09375
6279,35.59375,-110.03125
6280,35.59375,-109.96875
6281,35.59375,-109.90625
6282,35.59375,-109.84375
6283,35.59375,-109.78125
6284,35.59375,-109.71875
6285,35.59375,-109.65625
6286,35.59375,-109.59375
6287,35.59375,-109.53125
6288,35.59375,-109.46875
6289,35.59375,-109.40625
6290,35.59375,-109.34375
6291,35.59375,-109.28125
6292,35.59375,-109.21875
6293,35.59375,-109.15625
6294,35.59375,-109.09375
6295,35.59375,-109.03125
6296,35.59375,-108.96875
6297,35.59375,-108.90625
6298,35.59375,-108.84375
6299,35.59375,-108.78125
6300,35.59375,-108.71875
6301,35.59375,-108.65625
6302,35.59375,-108.59375
6303,35.59375,-108.53125
6304,35.59375,-108.46875
6305,35.59375,-108.40625
6306,35.59375,-108.34375
6307,35.59375,-108.28125
6308,35.59375,-108.21875
6309,35.59375,-108.15625
6310,35.65625,-114.78125
6311,35.65625,-114.71875
6312,35.65625,-114.65625
6313,35.65625,-114.59375
6314,35.65625,-114.53125
6315,35.65625,-114.46875
6316,35.65625,-114.40625
6317,35.65625,-114.34375
6318,35.65625,-114.28125
6319,35.65625,-114.21875
6320,35.65625,-114.15625
6321,35.65625,-114.09375
6322,35.65625,-114.03125
6323,35.65625,-113.96875
6324,35.65625,-113.90625
6325,35.65625,-113.84375
6326,35.65625,-113.78125
6327,35.65625,-113.71875
6328,35.65625,-113.65625
6329,35.65625,-113.59375
6330,35.65625,-113.53125
6331,35.65625,-113.46875
6332,35.65625,-113.40625
6333,35.65625,-113.34375
6334,35.65625,-113.28125
6335,35.65625,-113.21875
6336,35.65625,-113.15625
6337,35.65625,-113.09375
6338,35.65625,-113.03125
6339,35.65625,-112.96875
6340,35.65625,-112.90625
6341,35.65625,-112.84375
6342,35.65625,-112.78125
6343,35.65625,-112.71875
6344,35.65625,-112.65625
6345,35.65625,-112.59375
6346,35.65625,-112.53125
6347,35.65625,-112.46875
6348,35.65625,-112.40625
6349,35.65625,-112.34375
6350,35.65625,-112.28125
6351,35.65625,-112.21875
6352,35.65625,-112.15625
6353,35.65625,-112.09375
6354,35.65625,-112.03125
6355,35.65625,-111.96875
6356,35.65625,-111.90625
6357,35.65625,-111.84375
6358,35.65625,-111.78125
6359,35.65625,-111.71875
6360,35.65625,-111.65625
6361,35.65625,-111.59375
6362,35.65625,-111.53125
6363,35.65625,-111.46875
6364,35.65625,-111.40625
6365,35.65625,-111.34375
6366,35.65625,-111.28125
6367,35.65625,-111.21875
6368,35.65625,-111.15625
6369,35.65625,-111.09375
6370,35.65625,-111.03125
6371,35.65625,-110.96875
6372,35.65625,-110.90625
6373,35.65625,-110.84375
6374,35.65625,-110.78125
6375,35.65625,-110.71875
6376,35.65625,-110.65625
6377,35.65625,-110.59375
6378,35.65625,-110.53125
6379,35.65625,-110.46875
6380,35.65625,-110.40625
6381,35.65625,-110.34375
6382,35.65625,-110.28125
6383,35.65625,-110.21875
6384,35.65625,-110.15625
6385,35.65625,-110.09375
6386,35.65625,-110.03125
6387,35.65625,-109.96875
6388,35.65625,-109.90625
6389,35.65625,-109.84375
6390,35.65625,-109.78125
6391,35.65625,-109.71875
6392,35.65625,-109.65625
6393,35.65625,-109.59375
6394,35.65625,-109.53125
6395,35.65625,-109.46875
6396,35.65625,-109.40625
6397,35.65625,-109.34375
6398,35.65625,-109.28125
6399,35.65625,-109.21875
6400,35.65625,-109.15625
6401,35.65625,-109.09375
6402,35.65625,-109.03125
6403,35.65625,-108.96875
6404,35.65625,-108.90625
6405,35.65625,-108.84375
6406,35.65625,-108.78125
6407,35.65625,-108.65625
6408,35.65625,-108.59375
6409,35.65625,-108.53125
6410,35.65625,-108.46875
6411,35.65625,-108.40625
6412,35.65625,-108.28125
6413,35.71875,-114.84375
6414,35.71875,-114.78125
6415,35.71875,-114.71875
6416,35.71875,-114.65625
6417,35.71875,-114.59375
6418,35.71875,-114.53125
6419,35.71875,-114.46875
6420,35.71875,-114.40625
6421,35.71875,-114.34375
6422,35.71875,-114.28125
6423,35.71875,-114.21875
6424,35.71875,-114.15625
6425,35.71875,-114.09375
6426,35.71875,-114.03125
6427,35.71875,-113.96875
6428,35.71875,-113.90625
6429,35.71875,-113.84375
6430,35.71875,-113.78125
6431,35.71875,-113.71875
6432,35.71875,-113.65625
6433,35.71875,-113.59375
6434,35.71875,-113.53125
6435,35.71875,-113.46875
6436,35.71875,-113.40625
6437,35.71875,-113.34375
6438,35.71875,-113.28125
6439,35.71875,-113.21875
6440,35.71875,-113.15625
6441,35.71875,-113.09375
6442,35.71875,-113.03125
6443,35.71875,-112.96875
6444,35.71875,-112.90625
6445,35.71875,-112.84375
6446,35.71875,-112.78125
6447,35.71875,-112.71875
6448,35.71875,-112.65625
6449,35.71875,-112.59375
6450,35.71875,-112.53125
6451,35.71875,-112.46875
6452,35.71875,-112.40625
6453,35.71875,-112.34375
6454,35.71875,-112.28125
6455,35.71875,-112.21875
6456,35.71875,-112.15625
6457,35.71875,-112.09375
6458,35.71875,-112.03125
6459,35.71875,-111.90625
6460,35.71875,-111.84375
6461,35.71875,-111.78125
6462,35.71875,-111.71875
6463,35.71875,-111.65625
6464,35.71875,-111.59375
6465,35.71875,-111.53125
6466,35.71875,-111.46875
6467,35.71875,-111.40625
6468,35.71875,-111.34375
6469,35.71875,-111.28125
6470,35.71875,-111.21875
6471,35.71875,-111.15625
6472,35.71875,-111.09375
6473,35.71875,-111.03125
6474,35.71875,-110.96875
6475,35.71875,-110.90625
6476,35.71875,-110.84375
6477,35.71875,-110.78125
6478,35.71875,-110.71875
6479,35.71875,-110.65625
6480,35.71875,-110.59375
6481,35.71875,-110.53125
6482,35.71875,-110.46875
6483,35.71875,-110.40625
6484,35.71875,-110.34375
6485,35.71875,-110.28125
6486,35.71875,-110.21875
6487,35.71875,-110.15625
6488,35.71875,-110.09375
6489,35.71875,-110.03125
6490,35.71875,-109.96875
6491,35.71875,-109.90625
6492,35.71875,-109.84375
6493,35.71875,-109.78125
6494,35.71875,-109.71875
6495,35.71875,-109.65625
6496,35.71875,-109.59375
6497,35.71875,-109.53125
6498,35.71875,-109.46875
6499,35.71875,-109.40625
6500,35.71875,-109.34375
6501,35.71875,-109.28125
6502,35.71875,-109.09375
6503,35.71875,-109.03125
6504,35.71875,-108.96875
6505,35.78125,-114.78125
6506,35.78125,-114.71875
6507,35.78125,-114.65625
6508,35.78125,-114.59375
6509,35.78125,-114.53125
6510,35.78125,-114.46875
6511,35.78125,-114.40625
6512,35.78125,-114.34375
6513,35.78125,-114.28125
6514,35.78125,-114.21875
6515,35.78125,-114.15625
6516,35.78125,-114.09375
6517,35.78125,-114.03125
6518,35.78125,-113.96875
6519,35.78125,-113.90625
6520,35.78125,-113.84375
6521,35.78125,-113.78125
6522,35.78125,-113.71875
6523,35.78125,-113.65625
6524,35.78125,-113.59375
6525,35.78125,-113.53125
6526,35.78125,-113.46875
6527,35.78125,-113.40625
6528,35.78125,-113.34375
6529,35.78125,-113.28125
6530,35.78125,-113.21875
6531,35.78125,-113.15625
6532,35.78125,-113.09375
6533,35.78125,-113.03125
6534,35.78125,-112.96875
6535,35.78125,-112.90625
6536,35.78125,-112.84375
6537,35.78125,-112.78125
6538,35.78125,-112.71875
6539,35.78125,-112.65625
6540,35.78125,-112.59375
6541,35.78125,-112.53125
6542,35.78125,-112.46875
6543,35.78125,-112.40625
6544,35.78125,-112.34375
6545,35.78125,-112.28125
6546,35.78125,-112.21875
6547,35.78125,-112.15625
6548,35.78125,-112.09375
6549,35.78125,-112.03125
6550,35.78125,-111.90625
6551,35.78125,-111.84375
6552,35.78125,-111.78125
6553,35.78125,-111.71875
6554,35.78125,-111.65625
6555,35.78125,-111.59375
6556,35.78125,-111.53125
6557,35.78125,-111.46875
6558,35.78125,-111.40625
6559,35.78125,-111.34375
6560,35.78125,-111.28125
6561,35.78125,-111.21875
6562,35.78125,-111.15625
6563,35.78125,-111.09375
6564,35.78125,-111.03125
6565,35.78125,-110.96875
6566,35.78125,-110.90625
6567,35.78125,-110.84375
6568,35.78125,-110.78125
6569,35.78125,-110.71875
6570,35.78125,-110.65625
6571,35.78125,-110.59375
6572,35.78125,-110.53125
6573,35.78125,-110.46875
6574,35.78125,-110.40625
6575,35.78125,-110.34375
6576,35.78125,-110.28125
6577,35.78125,-110.21875
6578,35.78125,-110.15625
6579,35.78125,-110.09375
6580,35.78125,-110.03125
6581,35.78125,-109.96875
6582,35.78125,-109.90625
6583,35.78125,-109.84375
6584,35.78125,-109.53125
6585,35.78125,-109.46875
6586,35.78125,-109.40625
6587,35.78125,-109.34375
6588,35.78125,-109.28125
6589,35.78125,-109.09375
6590,35.78125,-109.03125
6591,35.78125,-108.96875
6592,35.84375,-115.09375
6593,35.84375,-114.71875
6594,35.84375,-114.65625
6595,35.84375,-114.59375
6596,35.84375,-114.53125
6597,35.84375,-114.46875
6598,35.84375,-114.40625
6599,35.84375,-114.34375
6600,35.84375,-114.28125
6601,35.84375,-114.21875
6602,35.84375,-114.15625
6603,35.84375,-114.09375
6604,35.84375,-114.03125
6605,35.84375,-113.96875
6606,35.84375,-113.90625
6607,35.84375,-113.84375
6608,35.84375,-113.78125
6609,35.84375,-113.71875
6610,35.84375,-113.65625
6611,35.84375,-113.59375
6612,35.84375,-113.53125
6613,35.84375,-113.46875
6614,35.84375,-113.40625
6615,35.84375,-113.34375
6616,35.84375,-113.28125
6617,35.84375,-113.21875
6618,35.84375,-113.15625
6619,35.84375,-113.09375
6620,35.84375,-113.03125
6621,35.84375,-112.96875
6622,35.84375,-112.90625
6623,35.84375,-112.84375
6624,35.84375,-112.78125
6625,35.84375,-112.71875
6626,35.84375,-112.65625
6627,35.84375,-112.59375
6628,35.84375,-112.53125
6629,35.84375,-112.46875
6630,35.84375,-112.40625
6631,35.84375,-112.34375
6632,35.84375,-112.28125
6633,35.84375,-112.21875
6634,35.84375,-112.15625
6635,35.84375,-112.09375
6636,35.84375,-112.03125
6637,35.84375,-111.96875
6638,35.84375,-111.84375
6639,35.84375,-111.78125
6640,35.84375,-111.71875
6641,35.84375,-111.65625
6642,35.84375,-111.59375
6643,35.84375,-111.53125
6644,35.84375,-111.46875
6645,35.84375,-111.40625
6646,35.84375,-111.34375
6647,35.84375,-111.28125
6648,35.84375,-111.21875
6649,35.84375,-111.15625
6650,35.84375,-111.09375
6651,35.84375,-111.03125
6652,35.84375,-110.96875
6653,35.84375,-110.90625
6654,35.84375,-110.84375
6655,35.84375,-110.78125
6656,35.84375,-110.71875
6657,35.84375,-110.65625
6658,35.84375,-110.59375
6659,35.84375,-110.53125
6660,35.84375,-110.46875
6661,35.84375,-110.40625
6662,35.84375,-110.34375
6663,35.84375,-110.28125
6664,35.84375,-110.21875
6665,35.84375,-110.15625
6666,35.84375,-110.09375
6667,35.84375,-110.03125
6668,35.84375,-109.96875
6669,35.84375,-109.90625
6670,35.84375,-109.40625
6671,35.84375,-109.34375
6672,35.84375,-109.15625
6673,35.84375,-109.09375
6674,35.84375,-109.03125
6675,35.90625,-115.34375
6676,35.90625,-115.28125
6677,35.90625,-115.21875
6678,35.90625,-115.15625
6679,35.90625,-115.09375
6680,35.90625,-114.71875
6681,35.90625,-114.65625
6682,35.90625,-114.59375
6683,35.90625,-114.53125
6684,35.90625,-114.46875
6685,35.90625,-114.40625
6686,35.90625,-114.34375
6687,35.90625,-114.28125
6688,35.90625,-114.21875
6689,35.90625,-114.15625
6690,35.90625,-114.09375
6691,35.90625,-114.03125
6692,35.90625,-113.96875
6693,35.90625,-113.90625
6694,35.90625,-113.84375
6695,35.90625,-113.78125
6696,35.90625,-113.71875
6697,35.90625,-113.65625
6698,35.90625,-113.59375
6699,35.90625,-113.53125
6700,35.90625,-113.46875
6701,35.90625,-113.40625
6702,35.90625,-113.34375
6703,35.90625,-113.28125
6704,35.90625,-113.21875
6705,35.90625,-113.15625
6706,35.90625,-113.09375
6707,35.90625,-113.03125
6708,35.90625,-112.96875
6709,35.90625,-112.90625
6710,35.90625,-112.84375
6711,35.90625,-112.78125
6712,35.90625,-112.71875
6713,35.90625,-112.65625
6714,35.90625,-112.59375
6715,35.90625,-112.53125
6716,35.90625,-112.46875
6717,35.90625,-112.40625
6718,35.90625,-112.34375
6719,35.90625,-112.28125
6720,35.90625,-112.21875
6721,35.90625,-112.15625
6722,35.90625,-112.09375
6723,35.90625,-111.84375
6724,35.90625,-111.78125
6725,35.90625,-111.71875
6726,35.90625,-111.65625
6727,35.90625,-111.59375
6728,35.90625,-111.53125
6729,35.90625,-111.46875
6730,35.90625,-111.40625
6731,35.90625,-111.34375
6732,35.90625,-111.28125
6733,35.90625,-111.21875
6734,35.90625,-111.15625
6735,35.90625,-111.09375
6736,35.90625,-111.03125
6737,35.90625,-110.96875
6738,35.90625,-110.90625
6739,35.90625,-110.84375
6740,35.90625,-110.78125
6741,35.90625,-110.71875
6742,35.90625,-110.65625
6743,35.90625,-110.59375
6744,35.90625,-110.53125
6745,35.90625,-110.46875
6746,35.90625,-110.40625
6747,35.90625,-110.34375
6748,35.90625,-110.28125
6749,35.90625,-110.21875
6750,35.90625,-110.15625
6751,35.90625,-110.09375
6752,35.90625,-110.03125
6753,35.90625,-109.96875
6754,35.90625,-109.90625
6755,35.90625,-109.09375
6756,35.90625,-109.03125
6757,35.96875,-115.46875
6758,35.96875,-115.40625
6759,35.96875,-115.34375
6760,35.96875,-115.28125
6761,35.96875,-115.21875
6762,35.96875,-115.15625
6763,35.96875,-115.09375
6764,35.96875,-115.03125
6765,35.96875,-114.96875
6766,35.96875,-114.78125
6767,35.96875,-114.71875
6768,35.96875,-114.65625
6769,35.96875,-114.59375
6770,35.96875,-114.53125
6771,35.96875,-114.46875
6772,35.96875,-114.40625
6773,35.96875,-114.34375
6774,35.96875,-114.28125
6775,35.96875,-114.21875
6776,35.96875,-114.15625
6777,35.96875,-114.09375
6778,35.96875,-114.03125
6779,35.96875,-113.96875
6780,35.96875,-113.90625
6781,35.96875,-113.84375
6782,35.96875,-113.78125
6783,35.96875,-113.71875
6784,35.96875,-113.65625
6785,35.96875,-113.59375
6786,35.96875,-113.53125
6787,35.96875,-113.46875
6788,35.96875,-113.40625
6789,35.96875,-113.34375
6790,35.96875,-113.28125
6791,35.96875,-113.21875
6792,35.96875,-113.15625
6793,35.96875,-113.09375
6794,35.96875,-113.03125
6795,35.96875,-112.96875
6796,35.96875,-112.90625
6797,35.96875,-112.84375
6798,35.96875,-112.78125
6799,35.96875,-112.71875
6800,35.96875,-112.65625
6801,35.96875,-112.59375
6802,35.96875,-112.53125
6803,35.96875,-112.46875
6804,35.96875,-112.40625
6805,35.96875,-112.34375
6806,35.96875,-112.28125
6807,35.96875,-112.21875
6808,35.96875,-112.15625
6809,35.96875,-112.09375
6810,35.96875,-111.84375
6811,35.96875,-111.78125
6812,35.96875,-111.71875
6813,35.96875,-111.65625
6814,35.96875,-111.59375
6815,35.96875,-111.53125
6816,35.96875,-111.46875
6817,35.96875,-111.40625
6818,35.96875,-111.34375
6819,35.96875,-111.28125
6820,35.96875,-111.21875
6821,35.96875,-111.15625
6822,35.96875,-111.09375
6823,35.96875,-111.03125
6824,35.96875,-110.96875
6825,35.96875,-110.90625
6826,35.96875,-110.84375
6827,35.96875,-110.78125
6828,35.96875,-110.71875
6829,35.96875,-110.65625
6830,35.96875,-110.59375
6831,35.96875,-110.53125
6832,35.96875,-110.46875
6833,35.96875,-110.40625
6834,35.96875,-110.34375
6835,35.96875,-110.28125
6836,35.96875,-110.21875
6837,35.96875,-110.15625
6838,35.96875,-110.09375
6839,35.96875,-110.03125
6840,35.96875,-109.96875
6841,35.96875,-109.90625
6842,35.96875,-109.03125
6843,35.96875,-108.96875
6844,36.03125,-115.46875
6845,36.03125,-115.40625
6846,36.03125,-115.34375
6847,36.03125,-115.28125
6848,36.03125,-115.21875
6849,36.03125,-115.15625
6850,36.03125,-115.09375
6851,36.03125,-115.03125
6852,36.03125,-114.96875
6853,36.03125,-114.90625
6854,36.03125,-114.84375
6855,36.03125,-114.78125
6856,36.03125,-114.71875
6857,36.03125,-114.65625
6858,36.03125,-114.59375
6859,36.03125,-114.53125
6860,36.03125,-114.46875
6861,36.03125,-114.40625
6862,36.03125,-114.34375
6863,36.03125,-114.28125
6864,36.03125,-114.21875
6865,36.03125,-114.15625
6866,36.03125,-114.09375
6867,36.03125,-114.03125
6868,36.03125,-113.96875
6869,36.03125,-113.90625
6870,36.03125,-113.84375
6871,36.03125,-113.78125
6872,36.03125,-113.71875
6873,36.03125,-113.65625
6874,36.03125,-113.59375
6875,36.03125,-113.53125
6876,36.03125,-113.46875
6877,36.03125,-113.40625
6878,36.03125,-113.34375
6879,36.03125,-113.28125
6880,36.03125,-113.21875
6881,36.03125,-113.15625
6882,36.03125,-113.09375
6883,36.03125,-113.03125
6884,36.03125,-112.96875
6885,36.03125,-112.90625
6886,36.03125,-112.84375
6887,36.03125,-112.78125
6888,36.03125,-112.71875
6889,36.03125,-112.65625
6890,36.03125,-112.59375
6891,36.03125,-112.53125
6892,36.03125,-112.46875
6893,36.03125,-112.40625
6894,36.03125,-112.34375
6895,36.03125,-112.28125
6896,36.03125,-112.21875
6897,36.03125,-112.15625
6898,36.03125,-112.03125
6899,36.03125,-111.96875
6900,36.03125,-111.90625
6901,36.03125,-111.78125
6902,36.03125,-111.71875
6903,36.03125,-111.65625
6904,36.03125,-111.59375
6905,36.03125,-111.53125
6906,36.03125,-111.46875
6907,36.03125,-111.40625
6908,36.03125,-111.34375
6909,36.03125,-111.28125
6910,36.03125,-111.21875
6911,36.03125,-111.15625
6912,36.03125,-111.09375
6913,36.03125,-111.03125
6914,36.03125,-110.96875
6915,36.03125,-110.90625
6916,36.03125,-110.84375
6917,36.03125,-110.78125
6918,36.03125,-110.71875
6919,36.03125,-110.65625
6920,36.03125,-110.59375
6921,36.03125,-110.53125
6922,36.03125,-110.46875
6923,36.03125,-110.40625
6924,36.03125,-110.34375
6925,36.03125,-110.28125
6926,36.03125,-110.21875
6927,36.03125,-110.15625
6928,36.03125,-110.09375
6929,36.03125,-110.03125
6930,36.03125,-109.96875
6931,36.09375,-115.46875
6932,36.09375,-115.40625
6933,36.09375,-115.34375
6934,36.09375,-115.28125
6935,36.09375,-115.21875
6936,36.09375,-115.15625
6937,36.09375,-115.09375
6938,36.09375,-115.03125
6939,36.09375,-114.96875
6940,36.09375,-114.90625
6941,36.09375,-114.84375
6942,36.09375,-114.78125
6943,36.09375,-114.71875
6944,36.09375,-114.65625
6945,36.09375,-114.59375
6946,36.09375,-114.53125
6947,36.09375,-114.46875
6948,36.09375,-114.40625
6949,36.09375,-114.34375
6950,36.09375,-114.28125
6951,36.09375,-114.21875
6952,36.09375,-114.15625
6953,36.09375,-114.09375
6954,36.09375,-114.03125
6955,36.09375,-113.96875
6956,36.09375,-113.90625
6957,36.09375,-113.84375
6958,36.09375,-113.78125
6959,36.09375,-113.71875
6960,36.09375,-113.65625
6961,36.09375,-113.59375
6962,36.09375,-113.53125
6963,36.09375,-113.46875
6964,36.09375,-113.40625
6965,36.09375,-113.34375
6966,36.09375,-113.28125
6967,36.09375,-113.21875
6968,36.09375,-113.15625
6969,36.09375,-113.09375
6970,36.09375,-113.03125
6971,36.09375,-112.96875
6972,36.09375,-112.90625
6973,36.09375,-112.84375
6974,36.09375,-112.78125
6975,36.09375,-112.71875
6976,36.09375,-112.65625
6977,36.09375,-112.59375
6978,36.09375,-112.53125
6979,36.09375,-112.46875
6980,36.09375,-112.40625
6981,36.09375,-112.34375
6982,36.09375,-112.28125
6983,36.09375,-112.21875
6984,36.09375,-112.15625
6985,36.09375,-112.09375
6986,36.09375,-112.03125
6987,36.09375,-111.96875
6988,36.09375,-111.90625
6989,36.09375,-111.84375
6990,36.09375,-111.78125
6991,36.09375,-111.71875
6992,36.09375,-111.65625
6993,36.09375,-111.59375
6994,36.09375,-111.53125
6995,36.09375,-111.46875
6996,36.09375,-111.40625
6997,36.09375,-111.34375
6998,36.09375,-111.28125
6999,36.09375,-111.21875
7000,36.09375,-111.15625
7001,36.09375,-111.09375
7002,36.09375,-111.03125
7003,36.09375,-110.96875
7004,36.09375,-110.90625
7005,36.09375,-110.84375
7006,36.09375,-110.78125
7007,36.09375,-110.71875
7008,36.09375,-110.65625
7009,36.09375,-110.59375
7010,36.09375,-110.53125
7011,36.09375,-110.46875
7012,36.09375,-110.40625
7013,36.09375,-110.34375
7014,36.09375,-110.28125
7015,36.09375,-110.21875
7016,36.09375,-110.15625
7017,36.09375,-110.09375
7018,36.09375,-110.03125
7019,36.09375,-109.96875
7020,36.15625,-115.53125
7021,36.15625,-115.46875
7022,36.15625,-115.40625
7023,36.15625,-115.34375
7024,36.15625,-115.28125
7025,36.15625,-115.21875
7026,36.15625,-115.15625
7027,36.15625,-115.09375
7028,36.15625,-115.03125
7029,36.15625,-114.96875
7030,36.15625,-114.90625
7031,36.15625,-114.84375
7032,36.15625,-114.78125
7033,36.15625,-114.71875
7034,36.15625,-114.65625
7035,36.15625,-114.59375
7036,36.15625,-114.53125
7037,36.15625,-114.46875
7038,36.15625,-114.40625
7039,36.15625,-114.34375
7040,36.15625,-114.28125
7041,36.15625,-114.21875
7042,36.15625,-114.15625
7043,36.15625,-114.09375
7044,36.15625,-114.03125
7045,36.15625,-113.96875
7046,36.15625,-113.90625
7047,36.15625,-113.84375
7048,36.15625,-113.78125
7049,36.15625,-113.71875
7050,36.15625,-113.65625
7051,36.15625,-113.59375
7052,36.15625,-113.53125
7053,36.15625,-113.46875
7054,36.15625,-113.40625
7055,36.15625,-113.34375
7056,36.15625,-113.28125
7057,36.15625,-113.21875
7058,36.15625,-113.15625
7059,36.15625,-113.09375
7060,36.15625,-113.03125
7061,36.15625,-112.96875
7062,36.15625,-112.90625
7063,36.15625,-112.84375
7064,36.15625,-112.78125
7065,36.15625,-112.71875
7066,36.15625,-112.65625
7067,36.15625,-112.59375
7068,36.15625,-112.53125
7069,36.15625,-112.46875
7070,36.15625,-112.40625
7071,36.15625,-112.34375
7072,36.15625,-112.28125
7073,36.15625,-112.21875
7074,36.15625,-112.15625
7075,36.15625,-112.09375
7076,36.15625,-112.03125
7077,36.15625,-111.90625
7078,36.15625,-111.84375
7079,36.15625,-111.78125
7080,36.15625,-111.71875
7081,36.15625,-111.65625
7082,36.15625,-111.59375
7083,36.15625,-111.53125
7084,36.15625,-111.46875
7085,36.15625,-111.40625
7086,36.15625,-111.34375
7087,36.15625,-111.28125
7088,36.15625,-111.21875
7089,36.15625,-111.15625
7090,36.15625,-111.09375
7091,36.15625,-111.03125
7092,36.15625,-110.96875
7093,36.15625,-110.90625
7094,36.15625,-110.84375
7095,36.15625,-110.78125
7096,36.15625,-110.71875
7097,36.15625,-110.65625
7098,36.15625,-110.59375
7099,36.15625,-110.53125
7100,36.15625,-110.46875
7101,36.15625,-110.40625
7102,36.15625,-110.34375
7103,36.15625,-110.28125
7104,36.15625,-110.21875
7105,36.15625,-110.15625
7106,36.15625,-110.09375
7107,36.15625,-110.03125
7108,36.15625,-109.96875
7109,36.21875,-115.53125
7110,36.21875,-115.46875
7111,36.21875,-115.40625
7112,36.21875,-115.34375
7113,36.21875,-115.28125
7114,36.21875,-115.21875
7115,36.21875,-115.15625
7116,36.21875,-115.09375
7117,36.21875,-115.03125
7118,36.21875,-114.96875
7119,36.21875,-114.90625
7120,36.21875,-114.84375
7121,36.21875,-114.78125
7122,36.21875,-114.71875
7123,36.21875,-114.65625
7124,36.21875,-114.59375
7125,36.21875,-114.53125
7126,36.21875,-114.46875
7127,36.21875,-114.40625
7128,36.21875,-114.34375
7129,36.21875,-114.28125
7130,36.21875,-114.21875
7131,36.21875,-114.15625
7132,36.21875,-114.09375
7133,36.21875,-114.03125
7134,36.21875,-113.96875
7135,36.21875,-113.90625
7136,36.21875,-113.84375
7137,36.21875,-113.78125
7138,36.21875,-113.71875
7139,36.21875,-113.65625
7140,36.21875,-113.59375
7141,36.21875,-113.53125
7142,36.21875,-113.46875
7143,36.21875,-113.40625
7144,36.21875,-113.34375
7145,36.21875,-113.28125
7146,36.21875,-113.21875
7147,36.21875,-113.15625
7148,36.21875,-113.09375
7149,36.21875,-113.03125
7150,36.21875,-112.96875
7151,36.21875,-112.90625
7152,36.21875,-112.84375
7153,36.21875,-112.78125
7154,36.21875,-112.71875
7155,36.21875,-112.65625
7156,36.21875,-112.59375
7157,36.21875,-112.53125
7158,36.21875,-112.46875
7159,36.21875,-112.40625
7160,36.21875,-112.34375
7161,36.21875,-112.28125
7162,36.21875,-112.21875
7163,36.21875,-111.90625
7164,36.21875,-111.84375
7165,36.21875,-111.78125
7166,36.21875,-111.71875
7167,36.21875,-111.65625
7168,36.21875,-111.59375
7169,36.21875,-111.53125
7170,36.21875,-111.46875
7171,36.21875,-111.40625
7172,36.21875,-111.34375
7173,36.21875,-111.28125
7174,36.21875,-111.21875
7175,36.21875,-111.15625
7176,36.21875,-111.09375
7177,36.21875,-111.03125
7178,36.21875,-110.96875
7179,36.21875,-110.90625
7180,36.21875,-110.84375
7181,36.21875,-110.78125
7182,36.21875,-110.71875
7183,36.21875,-110.65625
7184,36.21875,-110.59375
7185,36.21875,-110.53125
7186,36.21875,-110.46875
7187,36.21875,-110.40625
7188,36.21875,-110.34375
7189,36.21875,-110.28125
7190,36.21875,-110.21875
7191,36.21875,-110.15625
7192,36.21875,-110.09375
7193,36.21875,-110.03125
7194,36.21875,-109.96875
7195,36.21875,-109.90625
7196,36.28125,-115.53125
7197,36.28125,-115.46875
7198,36.28125,-115.40625
7199,36.28125,-115.34375
7200,36.28125,-115.28125
7201,36.28125,-115.21875
7202,36.28125,-115.15625
7203,36.28125,-115.09375
7204,36.28125,-115.03125
7205,36.28125,-114.96875
7206,36.28125,-114.90625
7207,36.28125,-114.84375
7208,36.28125,-114.78125
7209,36.28125,-114.71875
7210,36.28125,-114.65625
7211,36.28125,-114.59375
7212,36.28125,-114.53125
7213,36.28125,-114.46875
7214,36.28125,-114.40625
7215,36.28125,-114.34375
7216,36.28125,-114.28125
7217,36.28125,-114.21875
7218,36.28125,-114.15625
7219,36.28125,-114.09375
7220,36.28125,-114.03125
7221,36.28125,-113.96875
7222,36.28125,-113.90625
7223,36.28125,-113.84375
7224,36.28125,-113.78125
7225,36.28125,-113.71875
7226,36.28125,-113.65625
7227,36.28125,-113.59375
7228,36.28125,-113.53125
7229,36.28125,-113.46875
7230,36.28125,-113.40625
7231,36.28125,-113.34375
7232,36.28125,-113.28125
7233,36.28125,-113.21875
7234,36.28125,-113.15625
7235,36.28125,-113.09375
7236,36.28125,-113.03125
7237,36.28125,-112.96875
7238,36.28125,-112.90625
7239,36.28125,-112.84375
7240,36.28125,-112.78125
7241,36.28125,-112.71875
7242,36.28125,-112.65625
7243,36.28125,-112.59375
7244,36.28125,-112.53125
7245,36.28125,-112.46875
7246,36.28125,-112.40625
7247,36.28125,-112.34375
7248,36.28125,-112.28125
7249,36.28125,-111.96875
7250,36.28125,-111.90625
7251,36.28125,-111.84375
7252,36.28125,-111.78125
7253,36.28125,-111.71875
7254,36.28125,-111.65625
7255,36.28125,-111.59375
7256,36.28125,-111.53125
7257,36.28125,-111.46875
7258,36.28125,-111.40625
7259,36.28125,-111.34375
7260,36.28125,-111.28125
7261,36.28125,-111.21875
7262,36.28125,-111.15625
7263,36.28125,-111.09375
7264,36.28125,-111.03125
7265,36.28125,-110.96875
7266,36.28125,-110.90625
7267,36.28125,-110.84375
7268,36.28125,-110.78125
7269,36.28125,-110.71875
7270,36.28125,-110.65625
7271,36.28125,-110.59375
7272,36.28125,-110.53125
7273,36.28125,-110.46875
7274,36.28125,-110.40625
7275,36.28125,-110.34375
7276,36.28125,-110.28125
7277,36.28125,-110.21875
7278,36.28125,-110.15625
7279,36.28125,-110.09375
7280,36.28125,-110.03125
7281,36.28125,-109.96875
7282,36.28125,-109.90625
7283,36.28125,-109.84375
7284,36.34375,-115.53125
7285,36.34375,-115.46875
7286,36.34375,-115.40625
7287,36.34375,-115.34375
7288,36.34375,-115.28125
7289,36.34375,-115.21875
7290,36.34375,-115.15625
7291,36.34375,-115.09375
7292,36.34375,-115.03125
7293,36.34375,-114.96875
7294,36.34375,-114.90625
7295,36.34375,-114.84375
7296,36.34375,-114.78125
7297,36.34375,-114.71875
7298,36.34375,-114.65625
7299,36.34375,-114.59375
7300,36.34375,-114.53125
7301,36.34375,-114.46875
7302,36.34375,-114.40625
7303,36.34375,-114.34375
7304,36.34375,-114.28125
7305,36.34375,-114.21875
7306,36.34375,-114.15625
7307,36.34375,-114.09375
7308,36.34375,-114.03125
7309,36.34375,-113.96875
7310,36.34375,-113.90625
7311,36.34375,-113.84375
7312,36.34375,-113.78125
7313,36.34375,-113.71875
7314,36.34375,-113.65625
7315,36.34375,-113.59375
7316,36.34375,-113.53125
7317,36.34375,-113.46875
7318,36.34375,-113.40625
7319,36.34375,-113.34375
7320,36.34375,-113.28125
7321,36.34375,-113.21875
7322,36.34375,-113.15625
7323,36.34375,-113.09375
7324,36.34375,-113.03125
7325,36.34375,-112.96875
7326,36.34375,-112.90625
7327,36.34375,-112.84375
7328,36.34375,-112.78125
7329,36.34375,-112.71875
7330,36.34375,-112.65625
7331,36.34375,-112.59375
7332,36.34375,-112.53125
7333,36.34375,-112.46875
7334,36.34375,-112.40625
7335,36.34375,-111.96875
7336,36.34375,-111.90625
7337,36.34375,-111.84375
7338,36.34375,-111.78125
7339,36.34375,-111.71875
7340,36.34375,-111.65625
7341,36.34375,-111.59375
7342,36.34375,-111.53125
7343,36.34375,-111.46875
7344,36.34375,-111.40625
7345,36.34375,-111.34375
7346,36.34375,-111.28125
7347,36.34375,-111.21875
7348,36.34375,-111.15625
7349,36.34375,-111.09375
7350,36.34375,-111.03125
7351,36.34375,-110.96875
7352,36.34375,-110.90625
7353,36.34375,-110.84375
7354,36.34375,-110.78125
7355,36.34375,-110.71875
7356,36.34375,-110.65625
7357,36.34375,-110.59375
7358,36.34375,-110.53125
7359,36.34375,-110.46875
7360,36.34375,-110.40625
7361,36.34375,-110.34375
7362,36.34375,-110.28125
7363,36.34375,-110.21875
7364,36.34375,-110.15625
7365,36.34375,-110.09375
7366,36.34375,-110.03125
7367,36.34375,-109.96875
7368,36.34375,-109.90625
7369,36.34375,-109.84375
7370,36.40625,-115.65625
7371,36.40625,-115.59375
7372,36.40625,-115.53125
7373,36.40625,-115.46875
7374,36.40625,-115.40625
7375,36.40625,-115.34375
7376,36.40625,-115.28125
7377,36.40625,-115.21875
7378,36.40625,-115.15625
7379,36.40625,-115.09375
7380,36.40625,-115.03125
7381,36.40625,-114.96875
7382,36.40625,-114.90625
7383,36.40625,-114.84375
7384,36.40625,-114.78125
7385,36.40625,-114.71875
7386,36.40625,-114.65625
7387,36.40625,-114.59375
7388,36.40625,-114.53125
7389,36.40625,-114.46875
7390,36.40625,-114.40625
7391,36.40625,-114.34375
7392,36.40625,-114.28125
7393,36.40625,-114.21875
7394,36.40625,-114.15625
7395,36.40625,-114.09375
7396,36.40625,-114.03125
7397,36.40625,-113.96875
7398,36.40625,-113.90625
7399,36.40625,-113.84375
7400,36.40625,-113.78125
7401,36.40625,-113.71875
7402,36.40625,-113.65625
7403,36.40625,-113.59375
7404,36.40625,-113.53125
7405,36.40625,-113.46875
7406,36.40625,-113.40625
7407,36.40625,-113.34375
7408,36.40625,-113.28125
7409,36.40625,-113.21875
7410,36.40625,-113.09375
7411,36.40625,-113.03125
7412,36.40625,-112.96875
7413,36.40625,-112.90625
7414,36.40625,-112.84375
7415,36.40625,-112.78125
7416,36.40625,-112.71875
7417,36.40625,-112.65625
7418,36.40625,-112.59375
7419,36.40625,-112.53125
7420,36.40625,-112.46875
7421,36.40625,-112.40625
7422,36.40625,-111.96875
7423,36.40625,-111.90625
7424,36.40625,-111.84375
7425,36.40625,-111.78125
7426,36.40625,-111.71875
7427,36.40625,-111.65625
7428,36.40625,-111.59375
7429,36.40625,-111.53125
7430,36.40625,-111.46875
7431,36.40625,-111.40625
7432,36.40625,-111.34375
7433,36.40625,-111.28125
7434,36.40625,-111.21875
7435,36.40625,-111.15625
7436,36.40625,-111.09375
7437,36.40625,-111.03125
7438,36.40625,-110.96875
7439,36.40625,-110.90625
7440,36.40625,-110.84375
7441,36.40625,-110.78125
7442,36.40625,-110.71875
7443,36.40625,-110.65625
7444,36.40625,-110.59375
7445,36.40625,-110.53125
7446,36.40625,-110.46875
7447,36.40625,-110.40625
7448,36.40625,-110.34375
7449,36.40625,-110.28125
7450,36.40625,-110.21875
7451,36.40625,-110.15625
7452,36.40625,-110.09375
7453,36.40625,-110.03125
7454,36.40625,-109.96875
7455,36.46875,-115.65625
7456,36.46875,-115.59375
7457,36.46875,-115.53125
7458,36.46875,-115.46875
7459,36.46875,-115.40625
7460,36.46875,-115.34375
7461,36.46875,-115.28125
7462,36.46875,-115.21875
7463,36.46875,-115.15625
7464,36.46875,-115.09375
7465,36.46875,-115.03125
7466,36.46875,-114.96875
7467,36.46875,-114.90625
7468,36.46875,-114.84375
7469,36.46875,-114.78125
7470,36.46875,-114.71875
7471,36.46875,-114.65625
7472,36.46875,-114.59375
7473,36.46875,-114.53125
7474,36.46875,-114.46875
7475,36.46875,-114.40625
7476,36.46875,-114.34375
7477,36.46875,-114.28125
7478,36.46875,-114.21875
7479,36.46875,-114.15625
7480,36.46875,-114.09375
7481,36.46875,-114.03125
7482,36.46875,-113.96875
7483,36.46875,-113.90625
7484,36.46875,-113.84375
7485,36.46875,-113.78125
7486,36.46875,-113.71875
7487,36.46875,-113.65625
7488,36.46875,-113.59375
7489,36.46875,-113.53125
7490,36.46875,-113.46875
7491,36.46875,-113.40625
7492,36.46875,-113.34375
7493,36.46875,-113.28125
7494,36.46875,-113.21875
7495,36.46875,-113.15625
7496,36.46875,-113.09375
7497,36.46875,-113.03125
7498,36.46875,-112.96875
7499,36.46875,-112.90625
7500,36.46875,-112.84375
7501,36.46875,-112.78125
7502,36.46875,-112.71875
7503,36.46875,-112.65625
7504,36.46875,-112.59375
7505,36.46875,-112.53125
7506,36.46875,-112.46875
7507,36.46875,-111.96875
7508,36.46875,-111.90625
7509,36.46875,-111.84375
7510,36.46875,-111.78125
7511,36.46875,-111.71875
7512,36.46875,-111.65625
7513,36.46875,-111.59375
7514,36.46875,-111.53125
7515,36.46875,-111.46875
7516,36.46875,-111.40625
7517,36.46875,-111.34375
7518,36.46875,-111.28125
7519,36.46875,-111.21875
7520,36.46875,-111.15625
7521,36.46875,-111.09375
7522,36.46875,-111.03125
7523,36.46875,-110.96875
7524,36.46875,-110.90625
7525,36.46875,-110.84375
7526,36.46875,-110.78125
7527,36.46875,-110.71875
7528,36.46875,-110.65625
7529,36.46875,-110.59375
7530,36.46875,-110.53125
7531,36.46875,-110.46875
7532,36.46875,-110.40625
7533,36.46875,-110.34375
7534,36.46875,-110.28125
7535,36.46875,-110.21875
7536,36.46875,-110.15625
7537,36.46875,-110.09375
7538,36.46875,-110.03125
7539,36.53125,-115.59375
7540,36.53125,-115.53125
7541,36.53125,-115.46875
7542,36.53125,-115.40625
7543,36.53125,-115.34375
7544,36.53125,-115.28125
7545,36.53125,-115.21875
7546,36.53125,-115.15625
7547,36.53125,-115.09375
7548,36.53125,-115.03125
7549,36.53125,-114.96875
7550,36.53125,-114.90625
7551,36.53125,-114.84375
7552,36.53125,-114.78125
7553,36.53125,-114.71875
7554,36.53125,-114.65625
7555,36.53125,-114.59375
7556,36.53125,-114.53125
7557,36.53125,-114.46875
7558,36.53125,-114.40625
7559,36.53125,-114.34375
7560,36.53125,-114.28125
7561,36.53125,-114.21875
7562,36.53125,-114.15625
7563,36.53125,-114.09375
7564,36.53125,-114.03125
7565,36.53125,-113.96875
7566,36.53125,-113.90625
7567,36.53125,-113.84375
7568,36.53125,-113.78125
7569,36.53125,-113.71875
7570,36.53125,-113.65625
7571,36.53125,-113.59375
7572,36.53125,-113.53125
7573,36.53125,-113.46875
7574,36.53125,-113.40625
7575,36.53125,-113.34375
7576,36.53125,-113.28125
7577,36.53125,-113.21875
7578,36.53125,-113.15625
7579,36.53125,-113.09375
7580,36.53125,-113.03125
7581,36.53125,-112.96875
7582,36.53125,-112.90625
7583,36.53125,-112.84375
7584,36.53125,-112.78125
7585,36.53125,-112.71875
7586,36.53125,-112.65625
7587,36.53125,-112.59375
7588,36.53125,-112.53125
7589,36.53125,-112.46875
7590,36.53125,-112.03125
7591,36.53125,-111.96875
7592,36.53125,-111.90625
7593,36.53125,-111.84375
7594,36.53125,-111.78125
7595,36.53125,-111.71875
7596,36.53125,-111.65625
7597,36.53125,-111.59375
7598,36.53125,-111.53125
7599,36.53125,-111.46875
7600,36.53125,-111.40625
7601,36.53125,-111.34375
7602,36.53125,-111.28125
7603,36.53125,-111.21875
7604,36.53125,-111.15625
7605,36.53125,-110.96875
7606,36.53125,-110.90625
7607,36.53125,-110.84375
7608,36.53125,-110.78125
7609,36.53125,-110.71875
7610,36.53125,-110.65625
7611,36.53125,-110.59375
7612,36.53125,-110.53125
7613,36.53125,-110.46875
7614,36.53125,-110.40625
7615,36.53125,-110.34375
7616,36.53125,-110.28125
7617,36.53125,-110.21875
7618,36.59375,-115.59375
7619,36.59375,-115.53125
7620,36.59375,-115.46875
7621,36.59375,-115.40625
7622,36.59375,-115.34375
7623,36.59375,-115.28125
7624,36.59375,-115.15625
7625,36.59375,-115.09375
7626,36.59375,-115.03125
7627,36.59375,-114.96875
7628,36.59375,-114.90625
7629,36.59375,-114.84375
7630,36.59375,-114.78125
7631,36.59375,-114.71875
7632,36.59375,-114.65625
7633,36.59375,-114.59375
7634,36.59375,-114.53125
7635,36.59375,-114.46875
7636,36.59375,-114.40625
7637,36.59375,-114.34375
7638,36.59375,-114.28125
7639,36.59375,-114.21875
7640,36.59375,-114.15625
7641,36.59375,-114.09375
7642,36.59375,-114.03125
7643,36.59375,-113.96875
7644,36.59375,-113.90625
7645,36.59375,-113.84375
7646,36.59375,-113.78125
7647,36.59375,-113.71875
7648,36.59375,-113.65625
7649,36.59375,-113.59375
7650,36.59375,-113.53125
7651,36.59375,-113.46875
7652,36.59375,-113.40625
7653,36.59375,-113.34375
7654,36.59375,-113.28125
7655,36.59375,-113.21875
7656,36.59375,-113.15625
7657,36.59375,-113.09375
7658,36.59375,-113.03125
7659,36.59375,-112.96875
7660,36.59375,-112.90625
7661,36.59375,-112.84375
7662,36.59375,-112.78125
7663,36.59375,-112.71875
7664,36.59375,-112.65625
7665,36.59375,-112.59375
7666,36.59375,-112.53125
7667,36.59375,-112.46875
7668,36.59375,-112.03125
7669,36.59375,-111.96875
7670,36.59375,-111.90625
7671,36.59375,-111.84375
7672,36.59375,-111.78125
7673,36.59375,-111.71875
7674,36.59375,-111.65625
7675,36.59375,-111.59375
7676,36.59375,-111.46875
7677,36.59375,-111.40625
7678,36.59375,-110.84375
7679,36.59375,-110.78125
7680,36.59375,-110.71875
7681,36.59375,-110.65625
7682,36.59375,-110.59375
7683,36.59375,-110.53125
7684,36.59375,-110.40625
7685,36.59375,-110.34375
7686,36.59375,-110.28125
7687,36.65625,-115.53125
7688,36.65625,-115.46875
7689,36.65625,-115.40625
7690,36.65625,-115.34375
7691,36.65625,-115.28125
7692,36.65625,-115.09375
7693,36.65625,-115.03125
7694,36.65625,-114.96875
7695,36.65625,-114.90625
7696,36.65625,-114.84375
7697,36.65625,-114.78125
7698,36.65625,-114.71875
7699,36.65625,-114.65625
7700,36.65625,-114.59375
7701,36.65625,-114.53125
7702,36.65625,-114.46875
7703,36.65625,-114.40625
7704,36.65625,-114.34375
7705,36.65625,-114.28125
7706,36.65625,-114.21875
7707,36.65625,-114.15625
7708,36.65625,-114.09375
7709,36.65625,-114.03125
7710,36.65625,-113.96875
7711,36.65625,-113.90625
7712,36.65625,-113.84375
7713,36.65625,-113.78125
7714,36.65625,-113.71875
7715,36.65625,-113.65625
7716,36.65625,-113.59375
7717,36.65625,-113.53125
7718,36.65625,-113.46875
7719,36.65625,-113.40625
7720,36.65625,-113.34375
7721,36.65625,-113.28125
7722,36.65625,-113.21875
7723,36.65625,-113.15625
7724,36.65625,-113.09375
7725,36.65625,-113.03125
7726,36.65625,-112.96875
7727,36.65625,-112.90625
7728,36.65625,-112.84375
7729,36.65625,-112.78125
7730,36.65625,-112.71875
7731,36.65625,-112.65625
7732,36.65625,-112.59375
7733,36.65625,-112.53125
7734,36.65625,-112.46875
7735,36.65625,-112.40625
7736,36.65625,-112.09375
7737,36.65625,-112.03125
7738,36.65625,-111.96875
7739,36.65625,-111.90625
7740,36.65625,-111.84375
7741,36.65625,-111.78125
7742,36.65625,-111.71875
7743,36.65625,-111.65625
7744,36.65625,-110.71875
7745,36.65625,-110.65625
7746,36.65625,-110.59375
7747,36.65625,-110.53125
7748,36.71875,-115.53125
7749,36.71875,-115.46875
7750,36.71875,-115.40625
7751,36.71875,-115.34375
7752,36.71875,-115.28125
7753,36.71875,-115.09375
7754,36.71875,-115.03125
7755,36.71875,-114.96875
7756,36.71875,-114.90625
7757,36.71875,-114.84375
7758,36.71875,-114.78125
7759,36.71875,-114.71875
7760,36.71875,-114.65625
7761,36.71875,-114.59375
7762,36.71875,-114.53125
7763,36.71875,-114.46875
7764,36.71875,-114.40625
7765,36.71875,-114.34375
7766,36.71875,-114.28125
7767,36.71875,-114.21875
7768,36.71875,-114.15625
7769,36.71875,-114.09375
7770,36.71875,-114.03125
7771,36.71875,-113.96875
7772,36.71875,-113.90625
7773,36.71875,-113.84375
7774,36.71875,-113.78125
7775,36.71875,-113.71875
7776,36.71875,-113.65625
7777,36.71875,-113.59375
7778,36.71875,-113.53125
7779,36.71875,-113.46875
7780,36.71875,-113.40625
7781,36.71875,-113.34375
7782,36.71875,-113.28125
7783,36.71875,-113.21875
7784,36.71875,-113.15625
7785,36.71875,-113.09375
7786,36.71875,-113.03125
7787,36.71875,-112.96875
7788,36.71875,-112.90625
7789,36.71875,-112.84375
7790,36.71875,-112.78125
7791,36.71875,-112.71875
7792,36.71875,-112.65625
7793,36.71875,-112.59375
7794,36.71875,-112.53125
7795,36.71875,-112.46875
7796,36.71875,-112.40625
7797,36.71875,-112.34375
7798,36.71875,-112.09375
7799,36.71875,-112.03125
7800,36.71875,-111.96875
7801,36.71875,-111.90625
7802,36.71875,-111.78125
7803,36.71875,-111.71875
7804,36.71875,-111.65625
7805,36.71875,-110.65625
7806,36.71875,-110.59375
7807,36.78125,-115.09375
7808,36.78125,-115.03125
7809,36.78125,-114.96875
7810,36.78125,-114.90625
7811,36.78125,-114.84375
7812,36.78125,-114.78125
7813,36.78125,-114.71875
7814,36.78125,-114.65625
7815,36.78125,-114.59375
7816,36.78125,-114.53125
7817,36.78125,-114.46875
7818,36.78125,-114.40625
7819,36.78125,-114.34375
7820,36.78125,-114.28125
7821,36.78125,-114.21875
7822,36.78125,-114.15625
7823,36.78125,-114.09375
7824,36.78125,-114.03125
7825,36.78125,-113.96875
7826,36.78125,-113.90625
7827,36.78125,-113.84375
7828,36.78125,-113.78125
7829,36.78125,-113.71875
7830,36.78125,-113.65625
7831,36.78125,-113.59375
7832,36.78125,-113.53125
7833,36.78125,-113.46875
7834,36.78125,-113.40625
7835,36.78125,-113.34375
7836,36.78125,-113.28125
7837,36.78125,-113.21875
7838,36.78125,-113.15625
7839,36.78125,-113.09375
7840,36.78125,-113.03125
7841,36.78125,-112.96875
7842,36.78125,-112.90625
7843,36.78125,-112.84375
7844,36.78125,-112.78125
7845,36.78125,-112.71875
7846,36.78125,-112.65625
7847,36.78125,-112.59375
7848,36.78125,-112.53125
7849,36.78125,-112.46875
7850,36.78125,-112.40625
7851,36.78125,-112.34375
7852,36.78125,-112.09375
7853,36.78125,-112.03125
7854,36.78125,-111.71875
7855,36.78125,-111.65625
7856,36.78125,-111.59375
7857,36.78125,-110.65625
7858,36.78125,-110.59375
7859,36.84375,-115.09375
7860,36.84375,-115.03125
7861,36.84375,-114.96875
7862,36.84375,-114.90625
7863,36.84375,-114.84375
7864,36.84375,-114.78125
7865,36.84375,-114.71875
7866,36.84375,-114.65625
7867,36.84375,-114.59375
7868,36.84375,-114.53125
7869,36.84375,-114.46875
7870,36.84375,-114.40625
7871,36.84375,-114.34375
7872,36.84375,-114.28125
7873,36.84375,-114.21875
7874,36.84375,-114.15625
7875,36.84375,-114.09375
7876,36.84375,-114.03125
7877,36.84375,-113.96875
7878,36.84375,-113.90625
7879,36.84375,-113.84375
7880,36.84375,-113.78125
7881,36.84375,-113.71875
7882,36.84375,-113.65625
7883,36.84375,-113.59375
7884,36.84375,-113.53125
7885,36.84375,-113.46875
7886,36.84375,-113.40625
7887,36.84375,-113.34375
7888,36.84375,-113.28125
7889,36.84375,-113.21875
7890,36.84375,-113.15625
7891,36.84375,-113.09375
7892,36.84375,-113.03125
7893,36.84375,-112.96875
7894,36.84375,-112.90625
7895,36.84375,-112.84375
7896,36.84375,-112.78125
7897,36.84375,-112.71875
7898,36.84375,-112.65625
7899,36.84375,-112.59375
7900,36.84375,-112.53125
7901,36.84375,-112.46875
7902,36.84375,-112.40625
7903,36.84375,-112.34375
7904,36.84375,-112.28125
7905,36.84375,-112.21875
7906,36.84375,-112.15625
7907,36.84375,-112.09375
7908,36.84375,-111.65625
7909,36.84375,-111.59375
7910,36.90625,-115.09375
7911,36.90625,-115.03125
7912,36.90625,-114.96875
7913,36.90625,-114.90625
7914,36.90625,-114.84375
7915,36.90625,-114.78125
7916,36.90625,-114.71875
7917,36.90625,-114.65625
7918,36.90625,-114.59375
7919,36.90625,-114.53125
7920,36.90625,-114.46875
7921,36.90625,-114.40625
7922,36.90625,-114.34375
7923,36.90625,-114.28125
7924,36.90625,-114.21875
7925,36.90625,-114.15625
7926,36.90625,-114.09375
7927,36.90625,-114.03125
7928,36.90625,-113.96875
7929,36.90625,-113.90625
7930,36.90625,-113.84375
7931,36.90625,-113.78125
7932,36.90625,-113.71875
7933,36.90625,-113.65625
7934,36.90625,-113.59375
7935,36.90625,-113.53125
7936,36.90625,-113.46875
7937,36.90625,-113.40625
7938,36.90625,-113.34375
7939,36.90625,-113.28125
7940,36.90625,-113.21875
7941,36.90625,-113.15625
7942,36.90625,-113.09375
7943,36.90625,-113.03125
7944,36.90625,-112.96875
7945,36.90625,-112.90625
7946,36.90625,-112.84375
7947,36.90625,-112.78125
7948,36.90625,-112.71875
7949,36.90625,-112.65625
7950,36.90625,-112.59375
7951,36.90625,-112.53125
7952,36.90625,-112.46875
7953,36.90625,-112.40625
7954,36.90625,-112.34375
7955,36.90625,-112.28125
7956,36.90625,-112.21875
7957,36.90625,-112.15625
7958,36.96875,-115.09375
7959,36.96875,-115.03125
7960,36.96875,-114.96875
7961,36.96875,-114.90625
7962,36.96875,-114.84375
7963,36.96875,-114.78125
7964,36.96875,-114.71875
7965,36.96875,-114.65625
7966,36.96875,-114.59375
7967,36.96875,-114.53125
7968,36.96875,-114.46875
7969,36.96875,-114.40625
7970,36.96875,-114.34375
7971,36.96875,-114.28125
7972,36.96875,-114.21875
7973,36.96875,-114.15625
7974,36.96875,-114.09375
7975,36.96875,-114.03125
7976,36.96875,-113.96875
7977,36.96875,-113.90625
7978,36.96875,-113.84375
7979,36.96875,-113.78125
7980,36.96875,-113.71875
7981,36.96875,-113.65625
7982,36.96875,-113.59375
7983,36.96875,-113.53125
7984,36.96875,-113.46875
7985,36.96875,-113.40625
7986,36.96875,-113.34375
7987,36.96875,-113.28125
7988,36.96875,-113.21875
7989,36.96875,-113.15625
7990,36.96875,-113.09375
7991,36.96875,-113.03125
7992,36.96875,-112.96875
7993,36.96875,-112.90625
7994,36.96875,-112.84375
7995,36.96875,-112.78125
7996,36.96875,-112.71875
7997,36.96875,-112.65625
7998,36.96875,-112.59375
7999,36.96875,-112.53125
8000,36.96875,-112.46875
8001,36.96875,-112.40625
8002,36.96875,-112.34375
8003,36.96875,-112.28125
8004,36.96875,-112.21875
8005,36.96875,-112.15625
8006,37.03125,-115.09375
8007,37.03125,-115.03125
8008,37.03125,-114.96875
8009,37.03125,-114.90625
8010,37.03125,-114.84375
8011,37.03125,-114.78125
8012,37.03125,-114.71875
8013,37.03125,-114.65625
8014,37.03125,-114.59375
8015,37.03125,-114.53125
8016,37.03125,-114.46875
8017,37.03125,-114.40625
8018,37.03125,-114.34375
8019,37.03125,-114.28125
8020,37.03125,-114.21875
8021,37.03125,-114.15625
8022,37.03125,-114.09375
8023,37.03125,-114.03125
8024,37.03125,-113.96875
8025,37.03125,-113.90625
8026,37.03125,-113.84375
8027,37.03125,-113.78125
8028,37.03125,-113.71875
8029,37.03125,-113.65625
8030,37.03125,-113.59375
8031,37.03125,-113.53125
8032,37.03125,-113.46875
8033,37.03125,-113.40625
8034,37.03125,-113.34375
8035,37.03125,-113.28125
8036,37.03125,-113.21875
8037,37.03125,-113.15625
8038,37.03125,-113.09375
8039,37.03125,-113.03125
8040,37.03125,-112.96875
8041,37.03125,-112.90625
8042,37.03125,-112.84375
8043,37.03125,-112.78125
8044,37.03125,-112.71875
8045,37.03125,-112.65625
8046,37.03125,-112.59375
8047,37.03125,-112.53125
8048,37.03125,-112.46875
8049,37.03125,-112.40625
8050,37.03125,-112.34375
8051,37.03125,-112.28125
8052,37.03125,-112.21875
8053,37.03125,-112.15625
8054,37.09375,-115.09375
8055,37.09375,-115.03125
8056,37.09375,-114.96875
8057,37.09375,-114.90625
8058,37.09375,-114.84375
8059,37.09375,-114.78125
8060,37.09375,-114.71875
8061,37.09375,-114.65625
8062,37.09375,-114.59375
8063,37.09375,-114.53125
8064,37.09375,-114.46875
8065,37.09375,-114.40625
8066,37.09375,-114.34375
8067,37.09375,-114.28125
8068,37.09375,-114.21875
8069,37.09375,-114.15625
8070,37.09375,-114.09375
8071,37.09375,-114.03125
8072,37.09375,-113.96875
8073,37.09375,-113.90625
8074,37.09375,-113.84375
8075,37.09375,-113.78125
8076,37.09375,-113.71875
8077,37.09375,-113.65625
8078,37.09375,-113.59375
8079,37.09375,-113.53125
8080,37.09375,-113.46875
8081,37.09375,-113.40625
8082,37.09375,-113.34375
8083,37.09375,-113.28125
8084,37.09375,-113.21875
8085,37.09375,-113.15625
8086,37.09375,-113.09375
8087,37.09375,-113.03125
8088,37.09375,-112.96875
8089,37.09375,-112.90625
8090,37.09375,-112.84375
8091,37.09375,-112.78125
8092,37.09375,-112.71875
8093,37.09375,-112.65625
8094,37.09375,-112.59375
8095,37.09375,-112.53125
8096,37.09375,-112.46875
8097,37.09375,-112.40625
8098,37.09375,-112.34375
8099,37.09375,-112.28125
8100,37.09375,-112.21875
8101,37.15625,-115.15625
8102,37.15625,-115.09375
8103,37.15625,-115.03125
8104,37.15625,-114.96875
8105,37.15625,-114.90625
8106,37.15625,-114.84375
8107,37.15625,-114.78125
8108,37.15625,-114.71875
8109,37.15625,-114.65625
8110,37.15625,-114.59375
8111,37.15625,-114.53125
8112,37.15625,-114.46875
8113,37.15625,-114.40625
8114,37.15625,-114.34375
8115,37.15625,-114.28125
8116,37.15625,-114.21875
8117,37.15625,-114.15625
8118,37.15625,-114.09375
8119,37.15625,-114.03125
8120,37.15625,-113.96875
8121,37.15625,-113.90625
8122,37.15625,-113.84375
8123,37.15625,-113.78125
8124,37.15625,-113.71875
8125,37.15625,-113.65625
8126,37.15625,-113.59375
8127,37.15625,-113.53125
8128,37.15625,-113.46875
8129,37.15625,-113.40625
8130,37.15625,-113.34375
8131,37.15625,-113.28125
8132,37.15625,-113.21875
8133,37.15625,-113.15625
8134,37.15625,-113.09375
8135,37.15625,-113.03125
8136,37.15625,-112.96875
8137,37.15625,-112.90625
8138,37.15625,-112.84375
8139,37.15625,-112.78125
8140,37.15625,-112.71875
8141,37.15625,-112.65625
8142,37.15625,-112.59375
8143,37.15625,-112.53125
8144,37.15625,-112.46875
8145,37.15625,-112.40625
8146,37.15625,-112.34375
8147,37.15625,-112.28125
8148,37.15625,-112.21875
8149,37.21875,-115.21875
8150,37.21875,-115.15625
8151,37.21875,-115.09375
8152,37.21875,-115.03125
8153,37.21875,-114.96875
8154,37.21875,-114.90625
8155,37.21875,-114.84375
8156,37.21875,-114.78125
8157,37.21875,-114.71875
8158,37.21875,-114.65625
8159,37.21875,-114.59375
8160,37.21875,-114.53125
8161,37.21875,-114.46875
8162,37.21875,-114.40625
8163,37.21875,-114.34375
8164,37.21875,-114.28125
8165,37.21875,-114.21875
8166,37.21875,-114.15625
8167,37.21875,-114.09375
8168,37.21875,-114.03125
8169,37.21875,-113.96875
8170,37.21875,-113.90625
8171,37.21875,-113.84375
8172,37.21875,-113.78125
8173,37.21875,-113.71875
8174,37.21875,-113.65625
8175,37.21875,-113.59375
8176,37.21875,-113.53125
8177,37.21875,-113.46875
8178,37.21875,-113.40625
8179,37.21875,-113.34375
8180,37.21875,-113.28125
8181,37.21875,-113.21875
8182,37.21875,-113.15625
8183,37.21875,-113.09375
8184,37.21875,-113.03125
8185,37.21875,-112.96875
8186,37.21875,-112.90625
8187,37.21875,-112.84375
8188,37.21875,-112.78125
8189,37.21875,-112.71875
8190,37.21875,-112.65625
8191,37.21875,-112.59375
8192,37.21875,-112.53125
8193,37.21875,-112.46875
8194,37.21875,-112.40625
8195,37.21875,-112.34375
8196,37.28125,-115.28125
8197,37.28125,-115.21875
8198,37.28125,-115.15625
8199,37.28125,-115.09375
8200,37.28125,-115.03125
8201,37.28125,-114.71875
8202,37.28125,-114.65625
8203,37.28125,-114.59375
8204,37.28125,-114.53125
8205,37.28125,-114.46875
8206,37.28125,-114.40625
8207,37.28125,-114.34375
8208,37.28125,-114.28125
8209,37.28125,-114.21875
8210,37.28125,-114.15625
8211,37.28125,-114.09375
8212,37.28125,-114.03125
8213,37.28125,-113.96875
8214,37.28125,-113.90625
8215,37.28125,-113.84375
8216,37.28125,-113.78125
8217,37.28125,-113.71875
8218,37.28125,-113.65625
8219,37.28125,-113.59375
8220,37.28125,-113.53125
8221,37.28125,-113.46875
8222,37.28125,-113.40625
8223,37.28125,-113.34375
8224,37.28125,-113.28125
8225,37.28125,-113.21875
8226,37.28125,-113.15625
8227,37.28125,-113.09375
8228,37.28125,-113.03125
8229,37.28125,-112.96875
8230,37.28125,-112.78125
8231,37.28125,-112.71875
8232,37.28125,-112.65625
8233,37.28125,-112.59375
8234,37.28125,-112.53125
8235,37.28125,-112.46875
8236,37.28125,-112.40625
8237,37.28125,-112.34375
8238,37.28125,-112.28125
8239,37.34375,-115.34375
8240,37.34375,-115.28125
8241,37.34375,-115.21875
8242,37.34375,-115.15625
8243,37.34375,-115.09375
8244,37.34375,-115.03125
8245,37.34375,-114.65625
8246,37.34375,-114.59375
8247,37.34375,-114.53125
8248,37.34375,-114.46875
8249,37.34375,-114.40625
8250,37.34375,-114.34375
8251,37.34375,-114.21875
8252,37.34375,-114.15625
8253,37.34375,-114.09375
8254,37.34375,-114.03125
8255,37.34375,-113.96875
8256,37.34375,-113.90625
8257,37.34375,-113.84375
8258,37.34375,-113.78125
8259,37.34375,-113.71875
8260,37.34375,-113.65625
8261,37.34375,-113.34375
8262,37.34375,-113.28125
8263,37.34375,-113.21875
8264,37.34375,-113.15625
8265,37.34375,-113.09375
8266,37.34375,-112.96875
8267,37.34375,-112.90625
8268,37.34375,-112.84375
8269,37.34375,-112.59375
8270,37.40625,-115.34375
8271,37.40625,-115.28125
8272,37.40625,-115.21875
8273,37.40625,-115.15625
8274,37.40625,-115.09375
8275,37.40625,-115.03125
8276,37.40625,-114.65625
8277,37.40625,-114.59375
8278,37.40625,-114.53125
8279,37.40625,-114.46875
8280,37.40625,-114.40625
8281,37.40625,-114.34375
8282,37.40625,-114.15625
8283,37.40625,-114.09375
8284,37.40625,-114.03125
8285,37.40625,-113.96875
8286,37.40625,-113.90625
8287,37.40625,-113.84375
8288,37.40625,-113.78125
8289,37.40625,-113.71875
8290,37.40625,-113.65625
8291,37.40625,-113.59375
8292,37.40625,-113.28125
8293,37.40625,-113.21875
8294,37.40625,-113.15625
8295,37.40625,-112.96875
8296,37.46875,-115.40625
8297,37.46875,-115.34375
8298,37.46875,-115.28125
8299,37.46875,-115.21875
8300,37.46875,-115.15625
8301,37.46875,-115.09375
8302,37.46875,-115.03125
8303,37.46875,-114.65625
8304,37.46875,-114.59375
8305,37.46875,-114.53125
8306,37.46875,-114.34375
8307,37.46875,-114.28125
8308,37.46875,-114.21875
8309,37.46875,-114.15625
8310,37.46875,-114.09375
8311,37.46875,-114.03125
8312,37.46875,-113.84375
8313,37.46875,-113.78125
8314,37.46875,-113.65625
8315,37.46875,-113.28125
8316,37.46875,-113.21875
8317,37.53125,-115.40625
8318,37.53125,-115.34375
8319,37.53125,-115.28125
8320,37.53125,-115.21875
8321,37.53125,-115.15625
8322,37.53125,-115.09375
8323,37.53125,-115.03125
8324,37.53125,-114.65625
8325,37.53125,-114.59375
8326,37.53125,-114.53125
8327,37.53125,-114.46875
8328,37.53125,-114.40625
8329,37.53125,-114.34375
8330,37.53125,-114.28125
8331,37.53125,-114.21875
8332,37.53125,-114.15625
8333,37.53125,-114.09375
8334,37.53125,-114.03125
8335,37.53125,-113.21875
8336,37.59375,-115.40625
8337,37.59375,-115.34375
8338,37.59375,-115.28125
8339,37.59375,-115.21875
8340,37.59375,-115.15625
8341,37.59375,-115.09375
8342,37.59375,-115.03125
8343,37.59375,-114.65625
8344,37.59375,-114.59375
8345,37.59375,-114.53125
8346,37.59375,-114.46875
8347,37.59375,-114.40625
8348,37.59375,-114.34375
8349,37.59375,-114.28125
8350,37.59375,-114.21875
8351,37.59375,-114.15625
8352,37.59375,-114.09375
8353,37.65625,-115.34375
8354,37.65625,-115.28125
8355,37.65625,-115.21875
8356,37.65625,-115.15625
8357,37.65625,-115.09375
8358,37.65625,-115.03125
8359,37.65625,-114.65625
8360,37.65625,-114.59375
8361,37.65625,-114.53125
8362,37.65625,-114.46875
8363,37.65625,-114.40625
8364,37.65625,-114.34375
8365,37.65625,-114.28125
8366,37.65625,-114.21875
8367,37.65625,-114.15625
8368,37.65625,-114.09375
8369,37.71875,-115.21875
8370,37.71875,-115.15625
8371,37.71875,-115.09375
8372,37.71875,-115.03125
8373,37.71875,-114.96875
8374,37.71875,-114.53125
8375,37.71875,-114.46875
8376,37.71875,-114.40625
8377,37.71875,-114.34375
8378,37.71875,-114.28125
8379,37.71875,-114.21875
8380,37.78125,-115.21875
8381,37.78125,-115.15625
8382,37.78125,-115.09375
8383,37.78125,-115.03125
8384,37.78125,-114.96875
8385,37.78125,-114.53125
8386,37.78125,-114.46875
8387,37.78125,-114.40625
8388,37.78125,-114.34375
8389,37.78125,-114.28125
8390,37.78125,-114.21875
8391,37.84375,-115.15625
8392,37.84375,-115.09375
8393,37.84375,-115.03125
8394,37.84375,-114.96875
8395,37.84375,-114.53125
8396,37.84375,-114.46875
8397,37.84375,-114.40625
8398,37.84375,-114.34375
8399,37.84375,-114.28125
8400,37.84375,-114.21875
8401,37.84375,-114.15625
8402,37.90625,-115.09375
8403,37.90625,-115.03125
8404,37.90625,-114.96875
8405,37.90625,-114.53125
8406,37.90625,-114.46875
8407,37.90625,-114.40625
8408,37.90625,-114.34375
8409,37.90625,-114.28125
8410,37.90625,-114.21875
8411,37.90625,-114.15625
8412,37.96875,-115.03125
8413,37.96875,-114.96875
8414,37.96875,-114.90625
8415,37.96875,-114.53125
8416,37.96875,-114.46875
8417,37.96875,-114.40625
8418,37.96875,-114.34375
8419,37.96875,-114.28125
8420,37.96875,-114.21875
8421,37.96875,-114.15625
8422,38.03125,-115.03125
8423,38.03125,-114.96875
8424,38.03125,-114.90625
8425,38.03125,-114.53125
8426,38.03125,-114.46875
8427,38.03125,-114.40625
8428,38.03125,-114.34375
8429,38.03125,-114.28125
8430,38.03125,-114.21875
8431,38.03125,-114.15625
8432,38.09375,-115.09375
8433,38.09375,-115.03125
8434,38.09375,-114.96875
8435,38.09375,-114.59375
8436,38.09375,-114.53125
8437,38.09375,-114.46875
8438,38.09375,-114.40625
8439,38.09375,-114.34375
8440,38.09375,-114.21875
8441,38.09375,-114.15625
8442,38.15625,-115.21875
8443,38.15625,-115.15625
8444,38.15625,-115.09375
8445,38.15625,-115.03125
8446,38.15625,-114.96875
8447,38.15625,-114.59375
8448,38.15625,-114.53125
8449,38.15625,-114.46875
8450,38.15625,-114.40625
8451,38.15625,-114.21875
8452,38.15625,-114.15625
8453,38.21875,-115.28125
8454,38.21875,-115.21875
8455,38.21875,-115.15625
8456,38.21875,-115.09375
8457,38.21875,-115.03125
8458,38.21875,-114.96875
8459,38.21875,-114.90625
8460,38.21875,-114.65625
8461,38.21875,-114.59375
8462,38.21875,-114.53125
8463,38.21875,-114.46875
8464,38.21875,-114.21875
8465,38.21875,-114.15625
8466,38.28125,-115.34375
8467,38.28125,-115.28125
8468,38.28125,-115.21875
8469,38.28125,-115.15625
8470,38.28125,-115.09375
8471,38.28125,-115.03125
8472,38.28125,-114.96875
8473,38.34375,-115.40625
8474,38.34375,-115.34375
8475,38.34375,-115.28125
8476,38.34375,-115.21875
8477,38.34375,-115.15625
8478,38.34375,-115.09375
8479,38.34375,-115.03125
8480,38.34375,-114.96875
8481,38.40625,-115.40625
8482,38.40625,-115.34375
8483,38.40625,-115.28125
8484,38.40625,-115.21875
8485,38.40625,-115.15625
8486,38.40625,-115.09375
8487,38.40625,-115.03125
8488,38.40625,-114.96875
8489,38.46875,-115.34375
8490,38.46875,-115.28125
8491,38.46875,-115.21875
8492,38.46875,-115.15625
8493,38.46875,-115.09375
8494,38.46875,-115.03125
8495,38.46875,-114.96875
8496,38.53125,-115.34375
8497,38.53125,-115.28125
8498,38.53125,-115.21875
8499,38.53125,-115.15625
8500,38.53125,-115.09375
8501,38.53125,-115.03125
8502,38.53125,-114.96875
8503,38.59375,-115.28125
8504,38.59375,-115.21875
8505,38.59375,-115.15625
8506,38.59375,-115.09375
8507,38.59375,-115.03125
8508,38.59375,-114.96875
8509,38.65625,-115.28125
8510,38.65625,-115.21875
8511,38.65625,-115.15625
8512,38.65625,-115.09375
8513,38.65625,-115.03125
8514,38.71875,-115.28125
8515,38.71875,-115.21875
8516,38.71875,-115.15625
8517,38.71875,-115.09375
8518,38.71875,-115.03125
8519,38.78125,-115.28125
8520,38.78125,-115.21875
8521,38.78125,-115.15625
8522,38.78125,-115.09375
8523,38.78125,-115.03125
8524,38.84375,-115.28125
8525,38.84375,-115.21875
8526,38.84375,-115.15625
8527,38.84375,-115.09375
8528,38.84375,-115.03125
8529,38.84375,-114.96875
8530,38.90625,-115.28125
8531,38.90625,-115.21875
8532,38.90625,-115.15625
8533,38.90625,-115.09375
8534,38.90625,-115.03125
8535,38.90625,-114.96875
8536,38.96875,-115.34375
8537,38.96875,-115.28125
8538,38.96875,-115.21875
8539,38.96875,-115.15625
8540,38.96875,-115.09375
8541,38.96875,-115.03125
8542,38.96875,-114.96875
8543,39.03125,-115.28125
8544,39.03125,-115.21875
8545,39.03125,-115.15625
8546,39.03125,-115.09375
8547,39.03125,-115.03125
8548,39.03125,-114.96875
8549,39.09375,-115.21875
8550,39.09375,-115.15625
8551,39.09375,-115.09375
8552,39.09375,-115.03125
8553,39.15625,-115.15625
8554,39.15625,-115.09375
8555,39.15625,-115.03125
8556,39.21875,-115.09375
8557,39.21875,-115.03125
8558,39.28125,-115.09375
